&coupling
cce_side=0 !0: core, 1: edge
cce_folder='../coupling' !folder for coupling
eq_filename='g144981.03175.HR.eqd' ! eqd file from XGC, used for mapping
node_filename='g144981.03175_GEM301_Jul19.HR.node' ! node file from XGC, used for mapping
surf_filename='g144981.03175_GEM301_Jul19.HR.flx.aif' ! aif file from XGC, used for mapping
cce_first=1 ! first surface index of the whole domain
cce_last=403 ! last surface index of the whole domain
cce_first_surface=31 ! first surface index of core
cce_last_surface=289 ! last surface index of edge
cce_first_field=1 ! first surface index of edge
cce_last_field=403 ! last surface index of edge
cce_first_surface_coupling=229 ! first surface index of coupling
cce_last_surface_coupling=259 ! last surface index of coupling
cce_core_all=301 ! surface number of the real core region
cce_step=1 ! coupling step for density
cce_field_step=1 ! coupling step for field
nphi=32 ! toroidal indice of XGC, used for mapping
nwedge=2 ! wedge number of XGC, used for mapping
coef_opt=0 ! saved coefficient, to be removed
rhomax=3.6970885867064953 !corresponding to 1.2e-2 meter
/
&surfaces
cce_surface_first_node=1,2,10,26,49,80,118,164,217,277,344,418,499,588,684,786,896,1011,1135,1265,1400,1544,1694,1851,2010,2178,2355,2540,2729,2921,3116,3319,3531,3754,3983,4217,4455,4697,4973,5273,5593,5925,6273,6635,7010,7396,7792,8197,8611,9033,9464,9904,10404,10935,11486,12056,12644,13248,13869,14508,15165,15845,16565,17305,18045,18784,19522,20259,20995,21730,22464,23197,23930,24662,25393,26123,26852,27580,28307,29033,29758,30482,31205,31927,32648,33368,34087,34805,35522,36238,36953,37667,38380,39092,39803,40513,41222,41930,42636,43341,44045,44748,45450,46151,46851,47550,48248,48945,49641,50336,51030,51724,52417,53109,53800,54662,55535,56421,57601,58792,59999,61368,62735,64101,65465,66828,68189,69549,70908,72265,73621,74976,76330,77682,79033,80383,81732,83081,84429,85776,87122,88468,89813,91157,92501,93845,95188,96531,97874,99217,100560,101903,103246,104589,105933,107277,108622,109967,111313,112660,114007,115355,116705,118056,119408,120761,122116,123472,124830,126190,127552,128916,130282,131650,133021,134394,135770,137149,138531,139916,141304,142695,144090,145488,146890,148296,149706,151120,152539,153962,155390,156823,158261,159704,161152,162606,164065,165530,167001,168479,169963,171454,172952,174457,175969,177488,179015,180550,182093,183645,185205,186774,188352,189939,191536,193143,194760,196387,198025,199673,201333,203004,204687,206382,208089,209809,211542,213288,215047,216820,218607,220409,222226,224058,225906,227770,229650,231547,233461,235393,237343,239311,241298,243305,245331,247378,249445,251533,253643,255775,257930,260108,262310,264537,266654,268778,270916,273070,275241,277431,279639,281868,284117,286387,288678,290992,293328,295688,297440,299200,300972,302758,304560,306378,308214,310070,311945,313841,315758,317697,319659,321645,323656,325692,327714,329746,331791,333849,335917,338000,340099,342216,344352,346503,348672,350858,353065,355505,357970,360462,362978,492214,492217,492220,492223,492226,492229,492233,492237,492240,492243,492246,492249,492252,492255,492258,492261,492264,492266,492269,492272,492275,492277,492279,492281,492283,493377,492285,493403,492287,493420,492289,492586,493434,492291,492595,493446,492293,492605,493457,492295,492613,493467,492297,492620,493476,492299,492626,493485,492301,492632,493494,492303,492638,493502,492305,492644,493510,492309,492649,493518,492319,492655,493526,492326,492662,493534,492330,492668,492840,493543,492334,492675,492852,493553,492338,492681,492861,493563,492342,492688,492879,493573,492345,492693,492899,493583,492347,492707,492911,493593,492349,492711,492923,493604,492351,492716,492938,493614,492353,493626,492355,493639
cce_surface_last_node=1,9,25,48,79,117,163,216,276,343,417,498,587,683,785,895,1010,1134,1264,1399,1543,1693,1850,2009,2177,2354,2539,2728,2920,3115,3318,3530,3753,3982,4216,4454,4696,4972,5272,5592,5924,6272,6634,7009,7395,7791,8196,8610,9032,9463,9903,10403,10934,11485,12055,12643,13247,13868,14507,15164,15844,16564,17304,18044,18783,19521,20258,20994,21729,22463,23196,23929,24661,25392,26122,26851,27579,28306,29032,29757,30481,31204,31926,32647,33367,34086,34804,35521,36237,36952,37666,38379,39091,39802,40512,41221,41929,42635,43340,44044,44747,45449,46150,46850,47549,48247,48944,49640,50335,51029,51723,52416,53108,53799,54661,55534,56420,57600,58791,59998,61367,62734,64100,65464,66827,68188,69548,70907,72264,73620,74975,76329,77681,79032,80382,81731,83080,84428,85775,87121,88467,89812,91156,92500,93844,95187,96530,97873,99216,100559,101902,103245,104588,105932,107276,108621,109966,111312,112659,114006,115354,116704,118055,119407,120760,122115,123471,124829,126189,127551,128915,130281,131649,133020,134393,135769,137148,138530,139915,141303,142694,144089,145487,146889,148295,149705,151119,152538,153961,155389,156822,158260,159703,161151,162605,164064,165529,167000,168478,169962,171453,172951,174456,175968,177487,179014,180549,182092,183644,185204,186773,188351,189938,191535,193142,194759,196386,198024,199672,201332,203003,204686,206381,208088,209808,211541,213287,215046,216819,218606,220408,222225,224057,225905,227769,229649,231546,233460,235392,237342,239310,241297,243304,245330,247377,249444,251532,253642,255774,257929,260107,262309,264536,266653,268777,270915,273069,275240,277430,279638,281867,284116,286386,288677,290991,293327,295687,297439,299199,300971,302757,304559,306377,308213,310069,311944,313840,315757,317696,319658,321644,323655,325691,327713,329745,331790,333848,335916,337999,340098,342215,344351,346502,348671,350857,353064,355504,357969,360461,362977,493909,493906,493903,493899,493895,493891,493888,493885,493881,493877,493873,493870,493868,493864,493860,493857,493853,493850,493847,493844,493841,493837,493834,493831,493828,493338,493825,493311,493823,493292,493820,492563,493273,493817,492556,493251,493814,492550,493220,493811,492544,493183,493808,492538,493160,493806,492533,493143,493803,492528,493129,493800,492524,493116,493797,492520,493104,493793,492516,493091,493790,492512,493080,493785,492508,493070,493780,492504,492817,493060,493775,492500,492808,493049,493770,492496,492801,493038,493764,492492,492795,493027,493758,492487,492789,493015,493752,492482,492784,493003,493745,492479,492779,492991,493738,492474,492772,492974,493730,492470,493722,492466,493713
/
&surface_psi
/
