 r0a,lxa,beta,a,rmaj0=   0.5300000000000000        0.8600000000000000      
   1.2195530804907236E-002    183.0854584038953         542.9878083918395     
 elon0,tria0,rmaj0p,stria0,selon0,q0,shat=    1.000000000000000      
    0.000000000000000        -0.000000000000000         0.000000000000000      
    0.000000000000000        -1.315420320000000       -0.4426051117443489     
 xn0s(1,nr/2),xn0s(2,nr/2),t0s(1,nr/2),t0s(2,nr/2)=    1.056951400828308      
    0.000000000000000        0.6032766210000000         0.000000000000000     
 capns(1,nr/2),capns(2,nr/2),capts(1,nr/2),capts(2,nr/2)= 
   2.5574225029338059E-003    0.000000000000000        7.1424690758458030E-003 
    0.000000000000000     
 capne(nr/2),capte(nr/2)=   2.5574225029338059E-003   7.1424690758458030E-003
 t0i0,t0e0,ni0,ne0=   0.6032766210000000        0.6032766210000000      
    1.056951400828308         1.056951400828308     
 a/cs=    333.3577851276515     
 i,   sf,   ni,   ne,   nc,   ti,   tc,   capni,   capnc, captc
   0   -0.148E+01  0.126E+01  0.126E+01  0.928E+00  0.928E+00  0.000E+00  0.000E+00  0.000E+00  0.000E+00
   1   -0.148E+01  0.126E+01  0.126E+01  0.926E+00  0.926E+00  0.194E-02  0.194E-02  0.420E-02  0.420E-02
   2   -0.148E+01  0.126E+01  0.126E+01  0.923E+00  0.923E+00  0.194E-02  0.194E-02  0.422E-02  0.422E-02
   3   -0.148E+01  0.126E+01  0.126E+01  0.921E+00  0.921E+00  0.196E-02  0.196E-02  0.426E-02  0.426E-02
   4   -0.148E+01  0.125E+01  0.125E+01  0.919E+00  0.919E+00  0.197E-02  0.197E-02  0.429E-02  0.429E-02
   5   -0.148E+01  0.125E+01  0.125E+01  0.916E+00  0.916E+00  0.198E-02  0.198E-02  0.431E-02  0.431E-02
   6   -0.148E+01  0.125E+01  0.125E+01  0.914E+00  0.914E+00  0.198E-02  0.198E-02  0.432E-02  0.432E-02
   7   -0.148E+01  0.125E+01  0.125E+01  0.911E+00  0.911E+00  0.198E-02  0.198E-02  0.432E-02  0.432E-02
   8   -0.148E+01  0.125E+01  0.125E+01  0.909E+00  0.909E+00  0.198E-02  0.198E-02  0.433E-02  0.433E-02
   9   -0.148E+01  0.125E+01  0.125E+01  0.907E+00  0.907E+00  0.198E-02  0.198E-02  0.434E-02  0.434E-02
  10   -0.147E+01  0.125E+01  0.125E+01  0.904E+00  0.904E+00  0.199E-02  0.199E-02  0.436E-02  0.436E-02
  11   -0.147E+01  0.124E+01  0.124E+01  0.902E+00  0.902E+00  0.199E-02  0.199E-02  0.438E-02  0.438E-02
  12   -0.147E+01  0.124E+01  0.124E+01  0.899E+00  0.899E+00  0.199E-02  0.199E-02  0.439E-02  0.439E-02
  13   -0.147E+01  0.124E+01  0.124E+01  0.897E+00  0.897E+00  0.200E-02  0.200E-02  0.440E-02  0.440E-02
  14   -0.147E+01  0.124E+01  0.124E+01  0.895E+00  0.895E+00  0.200E-02  0.200E-02  0.442E-02  0.442E-02
  15   -0.147E+01  0.124E+01  0.124E+01  0.892E+00  0.892E+00  0.200E-02  0.200E-02  0.443E-02  0.443E-02
  16   -0.147E+01  0.124E+01  0.124E+01  0.890E+00  0.890E+00  0.201E-02  0.201E-02  0.444E-02  0.444E-02
  17   -0.147E+01  0.124E+01  0.124E+01  0.887E+00  0.887E+00  0.201E-02  0.201E-02  0.446E-02  0.446E-02
  18   -0.147E+01  0.123E+01  0.123E+01  0.885E+00  0.885E+00  0.201E-02  0.201E-02  0.447E-02  0.447E-02
  19   -0.146E+01  0.123E+01  0.123E+01  0.882E+00  0.882E+00  0.202E-02  0.202E-02  0.449E-02  0.449E-02
  20   -0.146E+01  0.123E+01  0.123E+01  0.880E+00  0.880E+00  0.202E-02  0.202E-02  0.450E-02  0.450E-02
  21   -0.146E+01  0.123E+01  0.123E+01  0.878E+00  0.878E+00  0.202E-02  0.202E-02  0.452E-02  0.452E-02
  22   -0.146E+01  0.123E+01  0.123E+01  0.875E+00  0.875E+00  0.203E-02  0.203E-02  0.453E-02  0.453E-02
  23   -0.146E+01  0.123E+01  0.123E+01  0.873E+00  0.873E+00  0.203E-02  0.203E-02  0.455E-02  0.455E-02
  24   -0.146E+01  0.122E+01  0.122E+01  0.870E+00  0.870E+00  0.203E-02  0.203E-02  0.456E-02  0.456E-02
  25   -0.146E+01  0.122E+01  0.122E+01  0.868E+00  0.868E+00  0.204E-02  0.204E-02  0.458E-02  0.458E-02
  26   -0.145E+01  0.122E+01  0.122E+01  0.866E+00  0.866E+00  0.204E-02  0.204E-02  0.459E-02  0.459E-02
  27   -0.145E+01  0.122E+01  0.122E+01  0.863E+00  0.863E+00  0.205E-02  0.205E-02  0.461E-02  0.461E-02
  28   -0.145E+01  0.122E+01  0.122E+01  0.861E+00  0.861E+00  0.205E-02  0.205E-02  0.463E-02  0.463E-02
  29   -0.145E+01  0.122E+01  0.122E+01  0.858E+00  0.858E+00  0.205E-02  0.205E-02  0.464E-02  0.464E-02
  30   -0.145E+01  0.122E+01  0.122E+01  0.856E+00  0.856E+00  0.206E-02  0.206E-02  0.466E-02  0.466E-02
  31   -0.145E+01  0.121E+01  0.121E+01  0.853E+00  0.853E+00  0.206E-02  0.206E-02  0.468E-02  0.468E-02
  32   -0.145E+01  0.121E+01  0.121E+01  0.851E+00  0.851E+00  0.207E-02  0.207E-02  0.469E-02  0.469E-02
  33   -0.144E+01  0.121E+01  0.121E+01  0.849E+00  0.849E+00  0.207E-02  0.207E-02  0.471E-02  0.471E-02
  34   -0.144E+01  0.121E+01  0.121E+01  0.846E+00  0.846E+00  0.207E-02  0.207E-02  0.473E-02  0.473E-02
  35   -0.144E+01  0.121E+01  0.121E+01  0.844E+00  0.844E+00  0.208E-02  0.208E-02  0.474E-02  0.474E-02
  36   -0.144E+01  0.121E+01  0.121E+01  0.841E+00  0.841E+00  0.208E-02  0.208E-02  0.476E-02  0.476E-02
  37   -0.144E+01  0.120E+01  0.120E+01  0.839E+00  0.839E+00  0.209E-02  0.209E-02  0.478E-02  0.478E-02
  38   -0.144E+01  0.120E+01  0.120E+01  0.836E+00  0.836E+00  0.209E-02  0.209E-02  0.480E-02  0.480E-02
  39   -0.143E+01  0.120E+01  0.120E+01  0.834E+00  0.834E+00  0.210E-02  0.210E-02  0.482E-02  0.482E-02
  40   -0.143E+01  0.120E+01  0.120E+01  0.831E+00  0.831E+00  0.210E-02  0.210E-02  0.483E-02  0.483E-02
  41   -0.143E+01  0.120E+01  0.120E+01  0.829E+00  0.829E+00  0.211E-02  0.211E-02  0.485E-02  0.485E-02
  42   -0.143E+01  0.120E+01  0.120E+01  0.826E+00  0.826E+00  0.211E-02  0.211E-02  0.487E-02  0.487E-02
  43   -0.143E+01  0.120E+01  0.120E+01  0.824E+00  0.824E+00  0.211E-02  0.211E-02  0.489E-02  0.489E-02
  44   -0.142E+01  0.119E+01  0.119E+01  0.822E+00  0.822E+00  0.212E-02  0.212E-02  0.491E-02  0.491E-02
  45   -0.142E+01  0.119E+01  0.119E+01  0.819E+00  0.819E+00  0.212E-02  0.212E-02  0.493E-02  0.493E-02
  46   -0.142E+01  0.119E+01  0.119E+01  0.817E+00  0.817E+00  0.213E-02  0.213E-02  0.495E-02  0.495E-02
  47   -0.142E+01  0.119E+01  0.119E+01  0.814E+00  0.814E+00  0.213E-02  0.213E-02  0.497E-02  0.497E-02
  48   -0.142E+01  0.119E+01  0.119E+01  0.812E+00  0.812E+00  0.214E-02  0.214E-02  0.499E-02  0.499E-02
  49   -0.141E+01  0.119E+01  0.119E+01  0.809E+00  0.809E+00  0.214E-02  0.214E-02  0.501E-02  0.501E-02
  50   -0.141E+01  0.118E+01  0.118E+01  0.807E+00  0.807E+00  0.215E-02  0.215E-02  0.503E-02  0.503E-02
  51   -0.141E+01  0.118E+01  0.118E+01  0.804E+00  0.804E+00  0.215E-02  0.215E-02  0.505E-02  0.505E-02
  52   -0.141E+01  0.118E+01  0.118E+01  0.802E+00  0.802E+00  0.216E-02  0.216E-02  0.507E-02  0.507E-02
  53   -0.141E+01  0.118E+01  0.118E+01  0.799E+00  0.799E+00  0.216E-02  0.216E-02  0.509E-02  0.509E-02
  54   -0.141E+01  0.118E+01  0.118E+01  0.797E+00  0.797E+00  0.217E-02  0.217E-02  0.511E-02  0.511E-02
  55   -0.140E+01  0.118E+01  0.118E+01  0.794E+00  0.794E+00  0.217E-02  0.217E-02  0.513E-02  0.513E-02
  56   -0.140E+01  0.118E+01  0.118E+01  0.792E+00  0.792E+00  0.218E-02  0.218E-02  0.516E-02  0.516E-02
  57   -0.140E+01  0.117E+01  0.117E+01  0.789E+00  0.789E+00  0.218E-02  0.218E-02  0.518E-02  0.518E-02
  58   -0.140E+01  0.117E+01  0.117E+01  0.787E+00  0.787E+00  0.219E-02  0.219E-02  0.520E-02  0.520E-02
  59   -0.140E+01  0.117E+01  0.117E+01  0.784E+00  0.784E+00  0.220E-02  0.220E-02  0.522E-02  0.522E-02
  60   -0.139E+01  0.117E+01  0.117E+01  0.782E+00  0.782E+00  0.220E-02  0.220E-02  0.525E-02  0.525E-02
  61   -0.139E+01  0.117E+01  0.117E+01  0.779E+00  0.779E+00  0.221E-02  0.221E-02  0.527E-02  0.527E-02
  62   -0.139E+01  0.117E+01  0.117E+01  0.777E+00  0.777E+00  0.221E-02  0.221E-02  0.529E-02  0.529E-02
  63   -0.139E+01  0.116E+01  0.116E+01  0.774E+00  0.774E+00  0.222E-02  0.222E-02  0.531E-02  0.531E-02
  64   -0.138E+01  0.116E+01  0.116E+01  0.772E+00  0.772E+00  0.222E-02  0.222E-02  0.534E-02  0.534E-02
  65   -0.138E+01  0.116E+01  0.116E+01  0.769E+00  0.769E+00  0.223E-02  0.223E-02  0.536E-02  0.536E-02
  66   -0.138E+01  0.116E+01  0.116E+01  0.767E+00  0.767E+00  0.223E-02  0.223E-02  0.538E-02  0.538E-02
  67   -0.138E+01  0.116E+01  0.116E+01  0.764E+00  0.764E+00  0.224E-02  0.224E-02  0.541E-02  0.541E-02
  68   -0.138E+01  0.116E+01  0.116E+01  0.762E+00  0.762E+00  0.224E-02  0.224E-02  0.543E-02  0.543E-02
  69   -0.137E+01  0.115E+01  0.115E+01  0.759E+00  0.759E+00  0.225E-02  0.225E-02  0.546E-02  0.546E-02
  70   -0.137E+01  0.115E+01  0.115E+01  0.757E+00  0.757E+00  0.226E-02  0.226E-02  0.548E-02  0.548E-02
  71   -0.137E+01  0.115E+01  0.115E+01  0.754E+00  0.754E+00  0.226E-02  0.226E-02  0.551E-02  0.551E-02
  72   -0.137E+01  0.115E+01  0.115E+01  0.752E+00  0.752E+00  0.227E-02  0.227E-02  0.553E-02  0.553E-02
  73   -0.137E+01  0.115E+01  0.115E+01  0.749E+00  0.749E+00  0.227E-02  0.227E-02  0.556E-02  0.556E-02
  74   -0.137E+01  0.115E+01  0.115E+01  0.747E+00  0.747E+00  0.228E-02  0.228E-02  0.558E-02  0.558E-02
  75   -0.136E+01  0.115E+01  0.115E+01  0.744E+00  0.744E+00  0.229E-02  0.229E-02  0.561E-02  0.561E-02
  76   -0.136E+01  0.114E+01  0.114E+01  0.741E+00  0.741E+00  0.229E-02  0.229E-02  0.563E-02  0.563E-02
  77   -0.136E+01  0.114E+01  0.114E+01  0.739E+00  0.739E+00  0.230E-02  0.230E-02  0.566E-02  0.566E-02
  78   -0.136E+01  0.114E+01  0.114E+01  0.736E+00  0.736E+00  0.230E-02  0.230E-02  0.569E-02  0.569E-02
  79   -0.136E+01  0.114E+01  0.114E+01  0.734E+00  0.734E+00  0.231E-02  0.231E-02  0.571E-02  0.571E-02
  80   -0.135E+01  0.114E+01  0.114E+01  0.731E+00  0.731E+00  0.231E-02  0.231E-02  0.574E-02  0.574E-02
  81   -0.135E+01  0.114E+01  0.114E+01  0.729E+00  0.729E+00  0.232E-02  0.232E-02  0.576E-02  0.576E-02
  82   -0.135E+01  0.113E+01  0.113E+01  0.726E+00  0.726E+00  0.233E-02  0.233E-02  0.579E-02  0.579E-02
  83   -0.135E+01  0.113E+01  0.113E+01  0.724E+00  0.724E+00  0.233E-02  0.233E-02  0.582E-02  0.582E-02
  84   -0.135E+01  0.113E+01  0.113E+01  0.721E+00  0.721E+00  0.234E-02  0.234E-02  0.584E-02  0.584E-02
  85   -0.134E+01  0.113E+01  0.113E+01  0.718E+00  0.718E+00  0.234E-02  0.234E-02  0.587E-02  0.587E-02
  86   -0.134E+01  0.113E+01  0.113E+01  0.716E+00  0.716E+00  0.235E-02  0.235E-02  0.590E-02  0.590E-02
  87   -0.134E+01  0.113E+01  0.113E+01  0.713E+00  0.713E+00  0.236E-02  0.236E-02  0.593E-02  0.593E-02
  88   -0.134E+01  0.112E+01  0.112E+01  0.711E+00  0.711E+00  0.236E-02  0.236E-02  0.596E-02  0.596E-02
  89   -0.134E+01  0.112E+01  0.112E+01  0.708E+00  0.708E+00  0.237E-02  0.237E-02  0.598E-02  0.598E-02
  90   -0.134E+01  0.112E+01  0.112E+01  0.705E+00  0.705E+00  0.237E-02  0.237E-02  0.601E-02  0.601E-02
  91   -0.133E+01  0.112E+01  0.112E+01  0.703E+00  0.703E+00  0.238E-02  0.238E-02  0.604E-02  0.604E-02
  92   -0.133E+01  0.112E+01  0.112E+01  0.700E+00  0.700E+00  0.238E-02  0.238E-02  0.607E-02  0.607E-02
  93   -0.133E+01  0.112E+01  0.112E+01  0.698E+00  0.698E+00  0.239E-02  0.239E-02  0.609E-02  0.609E-02
  94   -0.133E+01  0.111E+01  0.111E+01  0.695E+00  0.695E+00  0.240E-02  0.240E-02  0.612E-02  0.612E-02
  95   -0.133E+01  0.111E+01  0.111E+01  0.693E+00  0.693E+00  0.240E-02  0.240E-02  0.615E-02  0.615E-02
  96   -0.133E+01  0.111E+01  0.111E+01  0.690E+00  0.690E+00  0.241E-02  0.241E-02  0.618E-02  0.618E-02
  97   -0.133E+01  0.111E+01  0.111E+01  0.687E+00  0.687E+00  0.241E-02  0.241E-02  0.621E-02  0.621E-02
  98   -0.132E+01  0.111E+01  0.111E+01  0.685E+00  0.685E+00  0.242E-02  0.242E-02  0.624E-02  0.624E-02
  99   -0.132E+01  0.111E+01  0.111E+01  0.682E+00  0.682E+00  0.242E-02  0.242E-02  0.627E-02  0.627E-02
 100   -0.132E+01  0.110E+01  0.110E+01  0.679E+00  0.679E+00  0.243E-02  0.243E-02  0.630E-02  0.630E-02
 101   -0.132E+01  0.110E+01  0.110E+01  0.677E+00  0.677E+00  0.243E-02  0.243E-02  0.633E-02  0.633E-02
 102   -0.132E+01  0.110E+01  0.110E+01  0.674E+00  0.674E+00  0.244E-02  0.244E-02  0.635E-02  0.635E-02
 103   -0.132E+01  0.110E+01  0.110E+01  0.672E+00  0.672E+00  0.245E-02  0.245E-02  0.638E-02  0.638E-02
 104   -0.132E+01  0.110E+01  0.110E+01  0.669E+00  0.669E+00  0.245E-02  0.245E-02  0.641E-02  0.641E-02
 105   -0.132E+01  0.110E+01  0.110E+01  0.666E+00  0.666E+00  0.246E-02  0.246E-02  0.644E-02  0.644E-02
 106   -0.132E+01  0.109E+01  0.109E+01  0.664E+00  0.664E+00  0.246E-02  0.246E-02  0.647E-02  0.647E-02
 107   -0.132E+01  0.109E+01  0.109E+01  0.661E+00  0.661E+00  0.247E-02  0.247E-02  0.650E-02  0.650E-02
 108   -0.131E+01  0.109E+01  0.109E+01  0.659E+00  0.659E+00  0.247E-02  0.247E-02  0.653E-02  0.653E-02
 109   -0.131E+01  0.109E+01  0.109E+01  0.656E+00  0.656E+00  0.248E-02  0.248E-02  0.656E-02  0.656E-02
 110   -0.131E+01  0.109E+01  0.109E+01  0.653E+00  0.653E+00  0.248E-02  0.248E-02  0.659E-02  0.659E-02
 111   -0.131E+01  0.109E+01  0.109E+01  0.651E+00  0.651E+00  0.249E-02  0.249E-02  0.662E-02  0.662E-02
 112   -0.131E+01  0.109E+01  0.109E+01  0.648E+00  0.648E+00  0.249E-02  0.249E-02  0.665E-02  0.665E-02
 113   -0.131E+01  0.108E+01  0.108E+01  0.645E+00  0.645E+00  0.250E-02  0.250E-02  0.668E-02  0.668E-02
 114   -0.131E+01  0.108E+01  0.108E+01  0.643E+00  0.643E+00  0.250E-02  0.250E-02  0.671E-02  0.671E-02
 115   -0.131E+01  0.108E+01  0.108E+01  0.640E+00  0.640E+00  0.250E-02  0.250E-02  0.674E-02  0.674E-02
 116   -0.131E+01  0.108E+01  0.108E+01  0.638E+00  0.638E+00  0.251E-02  0.251E-02  0.677E-02  0.677E-02
 117   -0.131E+01  0.108E+01  0.108E+01  0.635E+00  0.635E+00  0.251E-02  0.251E-02  0.680E-02  0.680E-02
 118   -0.131E+01  0.108E+01  0.108E+01  0.632E+00  0.632E+00  0.252E-02  0.252E-02  0.682E-02  0.682E-02
 119   -0.131E+01  0.107E+01  0.107E+01  0.630E+00  0.630E+00  0.252E-02  0.252E-02  0.685E-02  0.685E-02
 120   -0.131E+01  0.107E+01  0.107E+01  0.627E+00  0.627E+00  0.253E-02  0.253E-02  0.688E-02  0.688E-02
 121   -0.131E+01  0.107E+01  0.107E+01  0.624E+00  0.624E+00  0.253E-02  0.253E-02  0.691E-02  0.691E-02
 122   -0.131E+01  0.107E+01  0.107E+01  0.622E+00  0.622E+00  0.253E-02  0.253E-02  0.694E-02  0.694E-02
 123   -0.131E+01  0.107E+01  0.107E+01  0.619E+00  0.619E+00  0.254E-02  0.254E-02  0.697E-02  0.697E-02
 124   -0.131E+01  0.107E+01  0.107E+01  0.616E+00  0.616E+00  0.254E-02  0.254E-02  0.700E-02  0.700E-02
 125   -0.131E+01  0.106E+01  0.106E+01  0.614E+00  0.614E+00  0.254E-02  0.254E-02  0.703E-02  0.703E-02
 126   -0.131E+01  0.106E+01  0.106E+01  0.611E+00  0.611E+00  0.255E-02  0.255E-02  0.706E-02  0.706E-02
 127   -0.131E+01  0.106E+01  0.106E+01  0.609E+00  0.609E+00  0.255E-02  0.255E-02  0.709E-02  0.709E-02
 128   -0.131E+01  0.106E+01  0.106E+01  0.606E+00  0.606E+00  0.255E-02  0.255E-02  0.711E-02  0.711E-02
 129   -0.132E+01  0.106E+01  0.106E+01  0.603E+00  0.603E+00  0.256E-02  0.256E-02  0.714E-02  0.714E-02
 130   -0.132E+01  0.106E+01  0.106E+01  0.601E+00  0.601E+00  0.256E-02  0.256E-02  0.717E-02  0.717E-02
 131   -0.132E+01  0.105E+01  0.105E+01  0.598E+00  0.598E+00  0.256E-02  0.256E-02  0.720E-02  0.720E-02
 132   -0.132E+01  0.105E+01  0.105E+01  0.595E+00  0.595E+00  0.257E-02  0.257E-02  0.723E-02  0.723E-02
 133   -0.132E+01  0.105E+01  0.105E+01  0.593E+00  0.593E+00  0.257E-02  0.257E-02  0.725E-02  0.725E-02
 134   -0.132E+01  0.105E+01  0.105E+01  0.590E+00  0.590E+00  0.257E-02  0.257E-02  0.728E-02  0.728E-02
 135   -0.132E+01  0.105E+01  0.105E+01  0.588E+00  0.588E+00  0.257E-02  0.257E-02  0.731E-02  0.731E-02
 136   -0.132E+01  0.105E+01  0.105E+01  0.585E+00  0.585E+00  0.258E-02  0.258E-02  0.734E-02  0.734E-02
 137   -0.133E+01  0.104E+01  0.104E+01  0.582E+00  0.582E+00  0.258E-02  0.258E-02  0.736E-02  0.736E-02
 138   -0.133E+01  0.104E+01  0.104E+01  0.580E+00  0.580E+00  0.258E-02  0.258E-02  0.739E-02  0.739E-02
 139   -0.133E+01  0.104E+01  0.104E+01  0.577E+00  0.577E+00  0.258E-02  0.258E-02  0.742E-02  0.742E-02
 140   -0.133E+01  0.104E+01  0.104E+01  0.574E+00  0.574E+00  0.258E-02  0.258E-02  0.744E-02  0.744E-02
 141   -0.133E+01  0.104E+01  0.104E+01  0.572E+00  0.572E+00  0.258E-02  0.258E-02  0.747E-02  0.747E-02
 142   -0.134E+01  0.104E+01  0.104E+01  0.569E+00  0.569E+00  0.258E-02  0.258E-02  0.750E-02  0.750E-02
 143   -0.134E+01  0.103E+01  0.103E+01  0.567E+00  0.567E+00  0.259E-02  0.259E-02  0.752E-02  0.752E-02
 144   -0.134E+01  0.103E+01  0.103E+01  0.564E+00  0.564E+00  0.259E-02  0.259E-02  0.755E-02  0.755E-02
 145   -0.134E+01  0.103E+01  0.103E+01  0.561E+00  0.561E+00  0.259E-02  0.259E-02  0.757E-02  0.757E-02
 146   -0.135E+01  0.103E+01  0.103E+01  0.559E+00  0.559E+00  0.259E-02  0.259E-02  0.760E-02  0.760E-02
 147   -0.135E+01  0.103E+01  0.103E+01  0.556E+00  0.556E+00  0.259E-02  0.259E-02  0.762E-02  0.762E-02
 148   -0.135E+01  0.103E+01  0.103E+01  0.554E+00  0.554E+00  0.259E-02  0.259E-02  0.765E-02  0.765E-02
 149   -0.135E+01  0.102E+01  0.102E+01  0.551E+00  0.551E+00  0.259E-02  0.259E-02  0.767E-02  0.767E-02
 150   -0.136E+01  0.102E+01  0.102E+01  0.549E+00  0.549E+00  0.259E-02  0.259E-02  0.769E-02  0.769E-02
 151   -0.136E+01  0.102E+01  0.102E+01  0.546E+00  0.546E+00  0.259E-02  0.259E-02  0.772E-02  0.772E-02
 152   -0.136E+01  0.102E+01  0.102E+01  0.543E+00  0.543E+00  0.259E-02  0.259E-02  0.774E-02  0.774E-02
 153   -0.137E+01  0.102E+01  0.102E+01  0.541E+00  0.541E+00  0.259E-02  0.259E-02  0.776E-02  0.776E-02
 154   -0.137E+01  0.102E+01  0.102E+01  0.538E+00  0.538E+00  0.259E-02  0.259E-02  0.779E-02  0.779E-02
 155   -0.138E+01  0.101E+01  0.101E+01  0.536E+00  0.536E+00  0.259E-02  0.259E-02  0.781E-02  0.781E-02
 156   -0.138E+01  0.101E+01  0.101E+01  0.533E+00  0.533E+00  0.259E-02  0.259E-02  0.783E-02  0.783E-02
 157   -0.138E+01  0.101E+01  0.101E+01  0.531E+00  0.531E+00  0.258E-02  0.258E-02  0.785E-02  0.785E-02
 158   -0.139E+01  0.101E+01  0.101E+01  0.528E+00  0.528E+00  0.258E-02  0.258E-02  0.787E-02  0.787E-02
 159   -0.139E+01  0.101E+01  0.101E+01  0.526E+00  0.526E+00  0.258E-02  0.258E-02  0.790E-02  0.790E-02
 160   -0.140E+01  0.101E+01  0.101E+01  0.523E+00  0.523E+00  0.258E-02  0.258E-02  0.792E-02  0.792E-02
 161   -0.140E+01  0.100E+01  0.100E+01  0.520E+00  0.520E+00  0.258E-02  0.258E-02  0.794E-02  0.794E-02
 162   -0.141E+01  0.100E+01  0.100E+01  0.518E+00  0.518E+00  0.258E-02  0.258E-02  0.796E-02  0.796E-02
 163   -0.141E+01  0.100E+01  0.100E+01  0.515E+00  0.515E+00  0.257E-02  0.257E-02  0.798E-02  0.798E-02
 164   -0.142E+01  0.100E+01  0.100E+01  0.513E+00  0.513E+00  0.257E-02  0.257E-02  0.799E-02  0.799E-02
 165   -0.142E+01  0.999E+00  0.999E+00  0.510E+00  0.510E+00  0.257E-02  0.257E-02  0.801E-02  0.801E-02
 166   -0.143E+01  0.997E+00  0.997E+00  0.508E+00  0.508E+00  0.257E-02  0.257E-02  0.803E-02  0.803E-02
 167   -0.144E+01  0.996E+00  0.996E+00  0.505E+00  0.505E+00  0.256E-02  0.256E-02  0.805E-02  0.805E-02
 168   -0.144E+01  0.994E+00  0.994E+00  0.503E+00  0.503E+00  0.256E-02  0.256E-02  0.807E-02  0.807E-02
 169   -0.145E+01  0.992E+00  0.992E+00  0.500E+00  0.500E+00  0.256E-02  0.256E-02  0.808E-02  0.808E-02
 170   -0.146E+01  0.991E+00  0.991E+00  0.498E+00  0.498E+00  0.255E-02  0.255E-02  0.810E-02  0.810E-02
 171   -0.146E+01  0.989E+00  0.989E+00  0.496E+00  0.496E+00  0.255E-02  0.255E-02  0.812E-02  0.812E-02
 172   -0.147E+01  0.988E+00  0.988E+00  0.493E+00  0.493E+00  0.255E-02  0.255E-02  0.813E-02  0.813E-02
 173   -0.148E+01  0.986E+00  0.986E+00  0.491E+00  0.491E+00  0.254E-02  0.254E-02  0.815E-02  0.815E-02
 174   -0.148E+01  0.985E+00  0.985E+00  0.488E+00  0.488E+00  0.254E-02  0.254E-02  0.816E-02  0.816E-02
 175   -0.149E+01  0.983E+00  0.983E+00  0.486E+00  0.486E+00  0.253E-02  0.253E-02  0.818E-02  0.818E-02
 176   -0.150E+01  0.982E+00  0.982E+00  0.483E+00  0.483E+00  0.253E-02  0.253E-02  0.819E-02  0.819E-02
 177   -0.151E+01  0.980E+00  0.980E+00  0.481E+00  0.481E+00  0.253E-02  0.253E-02  0.821E-02  0.821E-02
 178   -0.151E+01  0.979E+00  0.979E+00  0.479E+00  0.479E+00  0.252E-02  0.252E-02  0.822E-02  0.822E-02
 179   -0.152E+01  0.977E+00  0.977E+00  0.476E+00  0.476E+00  0.252E-02  0.252E-02  0.823E-02  0.823E-02
 180   -0.153E+01  0.976E+00  0.976E+00  0.474E+00  0.474E+00  0.251E-02  0.251E-02  0.825E-02  0.825E-02
 181   -0.154E+01  0.974E+00  0.974E+00  0.471E+00  0.471E+00  0.251E-02  0.251E-02  0.826E-02  0.826E-02
 182   -0.155E+01  0.973E+00  0.973E+00  0.469E+00  0.469E+00  0.250E-02  0.250E-02  0.827E-02  0.827E-02
 183   -0.156E+01  0.971E+00  0.971E+00  0.467E+00  0.467E+00  0.250E-02  0.250E-02  0.828E-02  0.828E-02
 184   -0.157E+01  0.970E+00  0.970E+00  0.464E+00  0.464E+00  0.249E-02  0.249E-02  0.829E-02  0.829E-02
 185   -0.158E+01  0.968E+00  0.968E+00  0.462E+00  0.462E+00  0.249E-02  0.249E-02  0.830E-02  0.830E-02
 186   -0.159E+01  0.967E+00  0.967E+00  0.460E+00  0.460E+00  0.248E-02  0.248E-02  0.831E-02  0.831E-02
 187   -0.160E+01  0.965E+00  0.965E+00  0.457E+00  0.457E+00  0.247E-02  0.247E-02  0.832E-02  0.832E-02
 188   -0.161E+01  0.964E+00  0.964E+00  0.455E+00  0.455E+00  0.247E-02  0.247E-02  0.833E-02  0.833E-02
 189   -0.162E+01  0.962E+00  0.962E+00  0.453E+00  0.453E+00  0.246E-02  0.246E-02  0.834E-02  0.834E-02
 190   -0.163E+01  0.961E+00  0.961E+00  0.450E+00  0.450E+00  0.246E-02  0.246E-02  0.835E-02  0.835E-02
 191   -0.164E+01  0.960E+00  0.960E+00  0.448E+00  0.448E+00  0.245E-02  0.245E-02  0.836E-02  0.836E-02
 192   -0.165E+01  0.958E+00  0.958E+00  0.446E+00  0.446E+00  0.244E-02  0.244E-02  0.837E-02  0.837E-02
 193   -0.167E+01  0.957E+00  0.957E+00  0.444E+00  0.444E+00  0.244E-02  0.244E-02  0.838E-02  0.838E-02
 194   -0.168E+01  0.955E+00  0.955E+00  0.441E+00  0.441E+00  0.243E-02  0.243E-02  0.838E-02  0.838E-02
 195   -0.169E+01  0.954E+00  0.954E+00  0.439E+00  0.439E+00  0.242E-02  0.242E-02  0.839E-02  0.839E-02
 196   -0.170E+01  0.953E+00  0.953E+00  0.437E+00  0.437E+00  0.241E-02  0.241E-02  0.840E-02  0.840E-02
 197   -0.172E+01  0.951E+00  0.951E+00  0.435E+00  0.435E+00  0.241E-02  0.241E-02  0.841E-02  0.841E-02
 198   -0.173E+01  0.950E+00  0.950E+00  0.432E+00  0.432E+00  0.240E-02  0.240E-02  0.842E-02  0.842E-02
 199   -0.175E+01  0.948E+00  0.948E+00  0.430E+00  0.430E+00  0.239E-02  0.239E-02  0.842E-02  0.842E-02
 200   -0.176E+01  0.947E+00  0.947E+00  0.428E+00  0.428E+00  0.239E-02  0.239E-02  0.843E-02  0.843E-02
 201   -0.177E+01  0.946E+00  0.946E+00  0.426E+00  0.426E+00  0.238E-02  0.238E-02  0.844E-02  0.844E-02
 202   -0.179E+01  0.944E+00  0.944E+00  0.424E+00  0.424E+00  0.237E-02  0.237E-02  0.845E-02  0.845E-02
 203   -0.180E+01  0.943E+00  0.943E+00  0.421E+00  0.421E+00  0.236E-02  0.236E-02  0.846E-02  0.846E-02
 204   -0.182E+01  0.941E+00  0.941E+00  0.419E+00  0.419E+00  0.236E-02  0.236E-02  0.847E-02  0.847E-02
 205   -0.184E+01  0.940E+00  0.940E+00  0.417E+00  0.417E+00  0.235E-02  0.235E-02  0.848E-02  0.848E-02
 206   -0.185E+01  0.939E+00  0.939E+00  0.415E+00  0.415E+00  0.234E-02  0.234E-02  0.849E-02  0.849E-02
 207   -0.187E+01  0.937E+00  0.937E+00  0.413E+00  0.413E+00  0.233E-02  0.233E-02  0.851E-02  0.851E-02
 208   -0.189E+01  0.936E+00  0.936E+00  0.411E+00  0.411E+00  0.232E-02  0.232E-02  0.853E-02  0.853E-02
 209   -0.190E+01  0.935E+00  0.935E+00  0.408E+00  0.408E+00  0.232E-02  0.232E-02  0.855E-02  0.855E-02
 210   -0.192E+01  0.933E+00  0.933E+00  0.406E+00  0.406E+00  0.231E-02  0.231E-02  0.858E-02  0.858E-02
 211   -0.194E+01  0.932E+00  0.932E+00  0.404E+00  0.404E+00  0.230E-02  0.230E-02  0.862E-02  0.862E-02
 212   -0.196E+01  0.931E+00  0.931E+00  0.402E+00  0.402E+00  0.229E-02  0.229E-02  0.866E-02  0.866E-02
 213   -0.198E+01  0.930E+00  0.930E+00  0.400E+00  0.400E+00  0.228E-02  0.228E-02  0.871E-02  0.871E-02
 214   -0.200E+01  0.928E+00  0.928E+00  0.398E+00  0.398E+00  0.228E-02  0.228E-02  0.877E-02  0.877E-02
 215   -0.202E+01  0.927E+00  0.927E+00  0.396E+00  0.396E+00  0.227E-02  0.227E-02  0.885E-02  0.885E-02
 216   -0.204E+01  0.926E+00  0.926E+00  0.394E+00  0.394E+00  0.226E-02  0.226E-02  0.894E-02  0.894E-02
 217   -0.206E+01  0.924E+00  0.924E+00  0.391E+00  0.391E+00  0.225E-02  0.225E-02  0.906E-02  0.906E-02
 218   -0.208E+01  0.923E+00  0.923E+00  0.389E+00  0.389E+00  0.224E-02  0.224E-02  0.920E-02  0.920E-02
 219   -0.210E+01  0.922E+00  0.922E+00  0.387E+00  0.387E+00  0.223E-02  0.223E-02  0.937E-02  0.937E-02
 220   -0.213E+01  0.921E+00  0.921E+00  0.385E+00  0.385E+00  0.223E-02  0.223E-02  0.959E-02  0.959E-02
 221   -0.215E+01  0.919E+00  0.919E+00  0.382E+00  0.382E+00  0.222E-02  0.222E-02  0.985E-02  0.985E-02
 222   -0.217E+01  0.918E+00  0.918E+00  0.380E+00  0.380E+00  0.221E-02  0.221E-02  0.102E-01  0.102E-01
 223   -0.220E+01  0.917E+00  0.917E+00  0.378E+00  0.378E+00  0.220E-02  0.220E-02  0.106E-01  0.106E-01
 224   -0.222E+01  0.916E+00  0.916E+00  0.375E+00  0.375E+00  0.219E-02  0.219E-02  0.110E-01  0.110E-01
 225   -0.225E+01  0.914E+00  0.914E+00  0.373E+00  0.373E+00  0.218E-02  0.218E-02  0.116E-01  0.116E-01
 226   -0.227E+01  0.913E+00  0.913E+00  0.370E+00  0.370E+00  0.218E-02  0.218E-02  0.123E-01  0.123E-01
 227   -0.230E+01  0.912E+00  0.912E+00  0.367E+00  0.367E+00  0.217E-02  0.217E-02  0.132E-01  0.132E-01
 228   -0.233E+01  0.911E+00  0.911E+00  0.364E+00  0.364E+00  0.216E-02  0.216E-02  0.142E-01  0.142E-01
 229   -0.236E+01  0.910E+00  0.910E+00  0.361E+00  0.361E+00  0.215E-02  0.215E-02  0.154E-01  0.154E-01
 230   -0.239E+01  0.908E+00  0.908E+00  0.357E+00  0.357E+00  0.214E-02  0.214E-02  0.169E-01  0.169E-01
 231   -0.242E+01  0.907E+00  0.907E+00  0.353E+00  0.353E+00  0.214E-02  0.214E-02  0.187E-01  0.187E-01
 232   -0.245E+01  0.906E+00  0.906E+00  0.349E+00  0.349E+00  0.213E-02  0.213E-02  0.209E-01  0.209E-01
 233   -0.248E+01  0.905E+00  0.905E+00  0.344E+00  0.344E+00  0.212E-02  0.212E-02  0.234E-01  0.234E-01
 234   -0.251E+01  0.904E+00  0.904E+00  0.339E+00  0.339E+00  0.212E-02  0.212E-02  0.264E-01  0.264E-01
 235   -0.254E+01  0.903E+00  0.903E+00  0.334E+00  0.334E+00  0.211E-02  0.211E-02  0.300E-01  0.300E-01
 236   -0.257E+01  0.901E+00  0.901E+00  0.327E+00  0.327E+00  0.211E-02  0.211E-02  0.342E-01  0.342E-01
 237   -0.261E+01  0.900E+00  0.900E+00  0.320E+00  0.320E+00  0.210E-02  0.210E-02  0.390E-01  0.390E-01
 238   -0.264E+01  0.899E+00  0.899E+00  0.312E+00  0.312E+00  0.210E-02  0.210E-02  0.446E-01  0.446E-01
 239   -0.268E+01  0.898E+00  0.898E+00  0.303E+00  0.303E+00  0.210E-02  0.210E-02  0.510E-01  0.510E-01
 240   -0.271E+01  0.897E+00  0.897E+00  0.293E+00  0.293E+00  0.211E-02  0.211E-02  0.583E-01  0.583E-01
 241   -0.275E+01  0.896E+00  0.896E+00  0.282E+00  0.282E+00  0.213E-02  0.213E-02  0.664E-01  0.664E-01
 242   -0.279E+01  0.894E+00  0.894E+00  0.270E+00  0.270E+00  0.216E-02  0.216E-02  0.753E-01  0.753E-01
 243   -0.283E+01  0.893E+00  0.893E+00  0.257E+00  0.257E+00  0.220E-02  0.220E-02  0.850E-01  0.850E-01
 244   -0.287E+01  0.892E+00  0.892E+00  0.243E+00  0.243E+00  0.227E-02  0.227E-02  0.953E-01  0.953E-01
 245   -0.291E+01  0.891E+00  0.891E+00  0.229E+00  0.229E+00  0.237E-02  0.237E-02  0.106E+00  0.106E+00
 246   -0.295E+01  0.889E+00  0.889E+00  0.214E+00  0.214E+00  0.252E-02  0.252E-02  0.117E+00  0.117E+00
 247   -0.300E+01  0.888E+00  0.888E+00  0.198E+00  0.198E+00  0.275E-02  0.275E-02  0.128E+00  0.128E+00
 248   -0.304E+01  0.886E+00  0.886E+00  0.183E+00  0.183E+00  0.309E-02  0.309E-02  0.139E+00  0.139E+00
 249   -0.309E+01  0.885E+00  0.885E+00  0.167E+00  0.167E+00  0.359E-02  0.359E-02  0.149E+00  0.149E+00
 250   -0.314E+01  0.883E+00  0.883E+00  0.153E+00  0.153E+00  0.433E-02  0.433E-02  0.158E+00  0.158E+00
 251   -0.319E+01  0.880E+00  0.880E+00  0.138E+00  0.138E+00  0.540E-02  0.540E-02  0.166E+00  0.166E+00
 252   -0.324E+01  0.877E+00  0.877E+00  0.125E+00  0.125E+00  0.695E-02  0.695E-02  0.172E+00  0.172E+00
 253   -0.329E+01  0.872E+00  0.872E+00  0.112E+00  0.112E+00  0.920E-02  0.920E-02  0.177E+00  0.177E+00
 254   -0.334E+01  0.867E+00  0.867E+00  0.100E+00  0.100E+00  0.124E-01  0.124E-01  0.180E+00  0.180E+00
 255   -0.340E+01  0.859E+00  0.859E+00  0.899E-01  0.899E-01  0.170E-01  0.170E-01  0.181E+00  0.181E+00
 256   -0.346E+01  0.849E+00  0.849E+00  0.805E-01  0.805E-01  0.236E-01  0.236E-01  0.180E+00  0.180E+00
 257   -0.352E+01  0.834E+00  0.834E+00  0.722E-01  0.722E-01  0.327E-01  0.327E-01  0.177E+00  0.177E+00
 258   -0.358E+01  0.815E+00  0.815E+00  0.649E-01  0.649E-01  0.000E+00  0.000E+00  0.000E+00  0.000E+00
 259    0.766E+00  0.766E+00  0.000E+00  0.000E+00
