      0   0.00000E+00   0.00000E+00   0.00000E+00   0.00000E+00   0.00000E+00   0.00000E+00   0.00000E+00   0.00000E+00   0.00000E+00   0.00000E+00   0.00000E+00   0.00000E+00
     32   0.00000E+00   0.22870E-06   0.00000E+00   0.00000E+00  -0.11043E-04   0.00000E+00   0.00000E+00   0.00000E+00   0.00000E+00   0.00000E+00   0.00000E+00   0.00000E+00
     64   0.00000E+00  -0.39048E-07   0.00000E+00   0.00000E+00  -0.23838E-04   0.00000E+00   0.00000E+00   0.00000E+00   0.00000E+00   0.00000E+00   0.00000E+00   0.00000E+00
     97   0.00000E+00   0.17568E-06   0.00000E+00   0.00000E+00  -0.39908E-04   0.00000E+00   0.00000E+00   0.00000E+00   0.00000E+00   0.00000E+00   0.00000E+00   0.00000E+00
    129   0.00000E+00   0.84609E-06   0.00000E+00   0.00000E+00  -0.23038E-04   0.00000E+00   0.00000E+00   0.00000E+00   0.00000E+00   0.00000E+00   0.00000E+00   0.00000E+00
    161   0.00000E+00   0.77924E-07   0.00000E+00   0.00000E+00  -0.80403E-04   0.00000E+00   0.00000E+00   0.00000E+00   0.00000E+00   0.00000E+00   0.00000E+00   0.00000E+00
    194   0.00000E+00  -0.10000E-05   0.00000E+00   0.00000E+00  -0.14396E-03   0.00000E+00   0.00000E+00   0.00000E+00   0.00000E+00   0.00000E+00   0.00000E+00   0.00000E+00
    226   0.00000E+00  -0.21325E-05   0.00000E+00   0.00000E+00  -0.19249E-03   0.00000E+00   0.00000E+00   0.00000E+00   0.00000E+00   0.00000E+00   0.00000E+00   0.00000E+00
    258   0.00000E+00   0.79976E-06   0.00000E+00   0.00000E+00  -0.12425E-03   0.00000E+00   0.00000E+00   0.00000E+00   0.00000E+00   0.00000E+00   0.00000E+00   0.00000E+00
    291   0.00000E+00   0.33155E-05   0.00000E+00   0.00000E+00   0.18248E-04   0.00000E+00   0.00000E+00   0.00000E+00   0.00000E+00   0.00000E+00   0.00000E+00   0.00000E+00
