 dt,beta=     32.36611922270230        1.2195530804907236E-002
 amp,vpp,yd0 =    9.9999999999999998E-013    0.000000000000000      
    0.000000000000000     
 peritr,ifluid=             0            0
 tor,nonlin=     1.000000000000000                 1            1
 isuni=             0 amie=     1835.466660000000     
 kxcut,kycut,bcut=    0.2790349390931968        2.9823424198553751E-002 
    3000.000000000000     
 fradi,isg=     1.000000000000000         1.000000000000000     
 llk,mlk,onemd =            0            1            1
 vwidth (i,e), vcut=     8.000000000000000         8.000000000000000      
    15.00000000000000     
 rneu=     0.000000000000000     
 V-ExB switch=     0.000000000000000     
 V-parallel switch=     0.000000000000000     
 mm1=         66048
 pzcrite,encrit =     13.12507333974200         1.000000000000000     
 lxa,lymult,delra,r0a,rina,routa=   0.8600000000000000      
    2.000000000000000        5.0000000000000003E-002   0.5300000000000000      
   0.1000000000000000        0.9600000000000000     
 a,r0,rmaj0,q0,lx,ly,lz=    183.0854584038953         97.03529295406453      
    542.9878083918395        -1.315420320000000         157.4534942273500      
    231.7474945828893         4487.810323669831     
 t0,kyrhoi_local=   0.6032766210000000        2.9780916994334806E-002
      0   0.22009741E-12   0.00000000E+00   0.00000000E+00   0.00000000E+00   0.00000000E+00   0.00000000E+00   0.00000000E+00   0.00000000E+00   0.52755407E-09   0.81388392E-11   0.52761685E-09
     32   0.55269131E-02   0.00000000E+00   0.00000000E+00   0.00000000E+00   0.39703861E-12  -0.12443862E-11   0.19191620E-02   0.00000000E+00   0.11824871E-01   0.42444636E-01   0.44061034E-01
     64   0.19706237E-02   0.00000000E+00   0.00000000E+00   0.00000000E+00  -0.67790297E-13  -0.26861437E-11   0.20965570E-02   0.00000000E+00  -0.35841163E-01   0.28163795E-01   0.45582764E-01
     97   0.24625753E-02   0.00000000E+00   0.00000000E+00   0.00000000E+00   0.30499767E-12  -0.44969330E-11   0.23737193E-02   0.00000000E+00   0.25762446E-01   0.60714166E-01   0.65953874E-01
    129   0.31124260E-02   0.00000000E+00   0.00000000E+00   0.00000000E+00   0.14688731E-11  -0.25959271E-11   0.26991589E-02   0.00000000E+00   0.22413577E-01   0.12644009E-01   0.25734013E-01
    161   0.18955512E-02   0.00000000E+00   0.00000000E+00   0.00000000E+00   0.13528283E-12  -0.90599244E-11   0.30516185E-02   0.00000000E+00   0.11006136E+00   0.13314835E-01   0.11086383E+00
    194   0.95217674E-02   0.00000000E+00   0.00000000E+00   0.00000000E+00  -0.17361588E-11  -0.16221413E-10   0.34218411E-02   0.00000000E+00   0.84746829E-01  -0.42857205E-02   0.84855126E-01
    226   0.78208423E-02   0.00000000E+00   0.00000000E+00   0.00000000E+00  -0.37021787E-11  -0.21690136E-10   0.38046147E-02   0.00000000E+00   0.14921039E+00  -0.48961353E-01   0.15703807E+00
    258   0.13124220E-01   0.00000000E+00   0.00000000E+00   0.00000000E+00   0.13884532E-11  -0.14000923E-10   0.41960836E-02   0.00000000E+00   0.16264404E+00   0.65217374E-02   0.16277474E+00
    291   0.19203897E-01   0.00000000E+00   0.00000000E+00   0.00000000E+00   0.57559003E-11   0.20562528E-11   0.45938362E-02   0.00000000E+00   0.15785384E+00  -0.35237863E-01   0.16173912E+00
