 dt,beta=     32.36611922270230        1.2195530804907236E-002
 amp,vpp,yd0 =    9.9999999999999998E-013    0.000000000000000      
    0.000000000000000     
 peritr,ifluid=             0            0
 tor,nonlin=     1.000000000000000                 1            1
 isuni=             0 amie=     1835.466660000000     
 kxcut,kycut,bcut=    0.2790349390931968        2.9823424198553751E-002 
    3000.000000000000     
 fradi,isg=     1.000000000000000         1.000000000000000     
 llk,mlk,onemd =            0            1            1
 vwidth (i,e), vcut=     8.000000000000000         8.000000000000000      
    15.00000000000000     
 rneu=     0.000000000000000     
 V-ExB switch=     0.000000000000000     
 V-parallel switch=     0.000000000000000     
 mm1=         66048
 pzcrite,encrit =     13.12507333974200         1.000000000000000     
 lxa,lymult,delra,r0a,rina,routa=   0.8600000000000000      
    2.000000000000000        5.0000000000000003E-002   0.5300000000000000      
   0.1000000000000000        0.9600000000000000     
 a,r0,rmaj0,q0,lx,ly,lz=    183.0854584038953         97.03529295406453      
    542.9878083918395        -1.315420320000000         157.4534942273500      
    231.7474945828893         4487.810323669831     
 t0,kyrhoi_local=   0.6032766210000000        2.9780916994334806E-002
      0   0.22009741E-12   0.00000000E+00   0.00000000E+00   0.00000000E+00   0.00000000E+00   0.00000000E+00   0.00000000E+00   0.00000000E+00   0.52755407E-09   0.81388392E-11   0.52761685E-09
     32   0.55269131E-02   0.00000000E+00   0.00000000E+00   0.00000000E+00   0.39703861E-12  -0.12443862E-11   0.19191620E-02   0.00000000E+00   0.11824871E-01   0.42444636E-01   0.44061034E-01
     64   0.19706281E-02   0.00000000E+00   0.00000000E+00   0.00000000E+00  -0.67765379E-13  -0.26864976E-11   0.20965529E-02   0.00000000E+00  -0.35840866E-01   0.28162727E-01   0.45581870E-01
     97   0.24625460E-02   0.00000000E+00   0.00000000E+00   0.00000000E+00   0.30504782E-12  -0.44976593E-11   0.23737118E-02   0.00000000E+00   0.25762959E-01   0.60713883E-01   0.65953814E-01
    129   0.31202286E-02   0.00000000E+00   0.00000000E+00   0.00000000E+00   0.14691459E-11  -0.25962178E-11   0.26991492E-02   0.00000000E+00   0.22459333E-01   0.12716574E-01   0.25809550E-01
    161   0.18956485E-02   0.00000000E+00   0.00000000E+00   0.00000000E+00   0.13548514E-12  -0.90606356E-11   0.30516052E-02   0.00000000E+00   0.11006237E+00   0.13317968E-01   0.11086521E+00
    194   0.95321780E-02   0.00000000E+00   0.00000000E+00   0.00000000E+00  -0.17360885E-11  -0.16222487E-10   0.34218259E-02   0.00000000E+00   0.84841189E-01  -0.43809242E-02   0.84954222E-01
    226   0.78208919E-02   0.00000000E+00   0.00000000E+00   0.00000000E+00  -0.37022121E-11  -0.21691433E-10   0.38045976E-02   0.00000000E+00   0.14921319E+00  -0.48960335E-01   0.15704041E+00
    258   0.13126829E-01   0.00000000E+00   0.00000000E+00   0.00000000E+00   0.13889579E-11  -0.14001297E-10   0.41960623E-02   0.00000000E+00   0.16256883E+00   0.64571917E-02   0.16269702E+00
    291   0.19228629E-01   0.00000000E+00   0.00000000E+00   0.00000000E+00   0.57561908E-11   0.20554018E-11   0.45938142E-02   0.00000000E+00   0.15726668E+00  -0.34993750E-01   0.16111292E+00
