 dt,beta=     32.36611922270230        1.2195530804907236E-002
 amp,vpp,yd0 =    9.9999999999999998E-013    0.000000000000000      
    0.000000000000000     
 peritr,ifluid=             0            0
 tor,nonlin=     1.000000000000000                 1            1
 isuni=             0 amie=     1835.466660000000     
 kxcut,kycut,bcut=    0.2790349390931968        2.9823424198553751E-002 
    3000.000000000000     
 fradi,isg=     1.000000000000000         1.000000000000000     
 llk,mlk,onemd =            0            1            1
 vwidth (i,e), vcut=     8.000000000000000         8.000000000000000      
    15.00000000000000     
 rneu=     0.000000000000000     
 V-ExB switch=     0.000000000000000     
 V-parallel switch=     0.000000000000000     
 mm1=         66048
 pzcrite,encrit =     13.12507333974200         1.000000000000000     
 lxa,lymult,delra,r0a,rina,routa=   0.8600000000000000      
    2.000000000000000        5.0000000000000003E-002   0.5300000000000000      
   0.1000000000000000        0.9600000000000000     
 a,r0,rmaj0,q0,lx,ly,lz=    183.0854584038953         97.03529295406453      
    542.9878083918395        -1.315420320000000         157.4534942273500      
    231.7474945828893         4487.810323669831     
 t0,kyrhoi_local=   0.6032766210000000        2.9780916994334806E-002
      0   0.22009741E-12   0.00000000E+00   0.00000000E+00   0.00000000E+00   0.00000000E+00   0.00000000E+00   0.00000000E+00   0.00000000E+00   0.52755407E-09   0.81388392E-11   0.52761685E-09
     32   0.55275618E-02   0.00000000E+00   0.00000000E+00   0.00000000E+00   0.27686420E-12  -0.20453166E-12   0.19191620E-02   0.00000000E+00   0.11836815E-01   0.42451854E-01   0.44071193E-01
     64   0.19689405E-02   0.00000000E+00   0.00000000E+00   0.00000000E+00  -0.55586779E-12   0.29879042E-12   0.20965526E-02   0.00000000E+00  -0.35839297E-01   0.28179595E-01   0.45591060E-01
     97   0.24645836E-02   0.00000000E+00   0.00000000E+00   0.00000000E+00   0.15072156E-12   0.48867590E-13   0.23737029E-02   0.00000000E+00   0.25786635E-01   0.60757190E-01   0.66002930E-01
    129   0.31247704E-02   0.00000000E+00   0.00000000E+00   0.00000000E+00   0.10473225E-11  -0.32387968E-11   0.26991284E-02   0.00000000E+00   0.22485969E-01   0.12767081E-01   0.25857633E-01
    161   0.19003732E-02   0.00000000E+00   0.00000000E+00   0.00000000E+00  -0.72821383E-12  -0.24857075E-11   0.30515663E-02   0.00000000E+00   0.11003221E+00   0.13309788E-01   0.11083428E+00
    194   0.95353313E-02   0.00000000E+00   0.00000000E+00   0.00000000E+00   0.17651735E-12  -0.26501042E-11   0.34217468E-02   0.00000000E+00   0.84244310E-01  -0.45490765E-02   0.84367043E-01
    226   0.78338881E-02   0.00000000E+00   0.00000000E+00   0.00000000E+00   0.37636874E-13   0.80773292E-12   0.38045021E-02   0.00000000E+00   0.14885500E+00  -0.49449385E-01   0.15685361E+00
    258   0.13136831E-01   0.00000000E+00   0.00000000E+00   0.00000000E+00   0.56319907E-12  -0.23011000E-11   0.41959290E-02   0.00000000E+00   0.16256489E+00   0.61749699E-02   0.16268213E+00
    291   0.19378004E-01   0.00000000E+00   0.00000000E+00   0.00000000E+00   0.22755945E-11   0.85362321E-11   0.45936429E-02   0.00000000E+00   0.15733920E+00  -0.36668385E-01   0.16155555E+00
