 dt,beta=     32.36611922270230        1.2195530804907236E-002
 amp,vpp,yd0 =    9.9999999999999998E-013    0.000000000000000      
    0.000000000000000     
 peritr,ifluid=             0            0
 tor,nonlin=     1.000000000000000                 1            1
 isuni=             0 amie=     1835.466660000000     
 kxcut,kycut,bcut=    0.2790349390931968        2.9823424198553751E-002 
    3000.000000000000     
 fradi,isg=     1.000000000000000         1.000000000000000     
 llk,mlk,onemd =            0            1            1
 vwidth (i,e), vcut=     8.000000000000000         8.000000000000000      
    15.00000000000000     
 rneu=     0.000000000000000     
 V-ExB switch=     0.000000000000000     
 V-parallel switch=     0.000000000000000     
 mm1=         66048
 pzcrite,encrit =     13.12507333974200         1.000000000000000     
 lxa,lymult,delra,r0a,rina,routa=   0.8600000000000000      
    2.000000000000000        5.0000000000000003E-002   0.5300000000000000      
   0.1000000000000000        0.9600000000000000     
 a,r0,rmaj0,q0,lx,ly,lz=    183.0854584038953         97.03529295406453      
    542.9878083918395        -1.315420320000000         157.4534942273500      
    231.7474945828893         4487.810323669831     
 t0,kyrhoi_local=   0.6032766210000000        2.9780916994334806E-002
      0   0.11089825E-11   0.00000000E+00   0.00000000E+00   0.00000000E+00   0.00000000E+00   0.00000000E+00   0.00000000E+00   0.00000000E+00   0.36476724E-09   0.57884715E-11   0.36481317E-09
     32   0.12437846E-02   0.00000000E+00   0.00000000E+00   0.00000000E+00   0.40414176E-12  -0.39923743E-12   0.19191620E-02   0.00000000E+00   0.88813048E-02   0.35202172E-01   0.36305240E-01
     64   0.10514792E-02   0.00000000E+00   0.00000000E+00   0.00000000E+00  -0.89121976E-12  -0.18773107E-11   0.20967693E-02   0.00000000E+00  -0.38431800E-01   0.13688055E-01   0.40796643E-01
     97   0.49136477E-02   0.00000000E+00   0.00000000E+00   0.00000000E+00   0.63530954E-12  -0.15086365E-12   0.23742948E-02   0.00000000E+00   0.28709661E-02   0.51603081E-01   0.51682883E-01
    129   0.17998357E-02   0.00000000E+00   0.00000000E+00   0.00000000E+00   0.64184333E-12  -0.32457395E-11   0.27002029E-02   0.00000000E+00   0.23894226E-02   0.16102246E-01   0.16278565E-01
    161   0.19763705E-02   0.00000000E+00   0.00000000E+00   0.00000000E+00   0.12407111E-11  -0.20911121E-12   0.30531617E-02   0.00000000E+00   0.86893640E-01   0.27192007E-01   0.91048942E-01
    194   0.75284411E-02   0.00000000E+00   0.00000000E+00   0.00000000E+00  -0.49036545E-13  -0.40300121E-12   0.34238617E-02   0.00000000E+00   0.37773352E-01   0.11368628E-01   0.39447076E-01
    226   0.47143354E-02   0.00000000E+00   0.00000000E+00   0.00000000E+00  -0.59482204E-11  -0.20859189E-10   0.38069806E-02   0.00000000E+00   0.10022217E+00  -0.50641739E-01   0.11229011E+00
    258   0.68482681E-02   0.00000000E+00   0.00000000E+00   0.00000000E+00   0.15142803E-11  -0.87097543E-12   0.41986157E-02   0.00000000E+00   0.10494406E+00  -0.11588654E-02   0.10495046E+00
    291   0.19064491E-01   0.00000000E+00   0.00000000E+00   0.00000000E+00   0.72963527E-11   0.18906445E-10   0.45963538E-02   0.00000000E+00   0.74134051E-01  -0.17044763E-01   0.76068268E-01
