 dt,beta=     32.36611922270230        1.2195530804907236E-002
 amp,vpp,yd0 =    9.9999999999999998E-013    0.000000000000000      
    0.000000000000000     
 peritr,ifluid=             0            0
 tor,nonlin=     1.000000000000000                 1            1
 isuni=             0 amie=     1835.466660000000     
 kxcut,kycut,bcut=    0.2790349390931968        2.9823424198553751E-002 
    3000.000000000000     
 fradi,isg=     1.000000000000000         1.000000000000000     
 llk,mlk,onemd =            0            1            1
 vwidth (i,e), vcut=     8.000000000000000         8.000000000000000      
    15.00000000000000     
 rneu=     0.000000000000000     
 V-ExB switch=     0.000000000000000     
 V-parallel switch=     0.000000000000000     
 mm1=         66048
 pzcrite,encrit =     13.12507333974200         1.000000000000000     
 lxa,lymult,delra,r0a,rina,routa=   0.8600000000000000      
    2.000000000000000        5.0000000000000003E-002   0.5300000000000000      
   0.1000000000000000        0.9600000000000000     
 a,r0,rmaj0,q0,lx,ly,lz=    183.0854584038953         97.03529295406453      
    542.9878083918395        -1.315420320000000         157.4534942273500      
    231.7474945828893         4487.810323669831     
 t0,kyrhoi_local=   0.6032766210000000        2.9780916994334806E-002
      0   0.22009741E-12   0.00000000E+00   0.00000000E+00   0.11943620-315   0.00000000E+00   0.00000000E+00   0.14531380-315   0.00000000E+00   0.52755407E-09   0.81388392E-11   0.52761685E-09
     32   0.19736176E-01   0.00000000E+00   0.00000000E+00   0.11944146-315   0.68587320E-12  -0.42276359E-12   0.19191620E-02   0.00000000E+00   0.95363495E-02   0.40621170E-01   0.41725549E-01
     64   0.30761827E-01   0.00000000E+00   0.00000000E+00   0.11944547-315   0.78751189E-12  -0.48881385E-12   0.20964878E-02   0.00000000E+00  -0.56178197E-01   0.21072498E-01   0.60000333E-01
     97   0.43903627E-01   0.00000000E+00   0.00000000E+00   0.11945602-315   0.33117987E-11   0.20918617E-11   0.23733945E-02   0.00000000E+00   0.71404459E-02   0.29743338E-01   0.30588431E-01
    129   0.59063697E-01   0.00000000E+00   0.00000000E+00   0.11946540-315   0.35884635E-11   0.52833834E-11   0.26982893E-02   0.00000000E+00  -0.10673951E-02   0.73482563E-02   0.74253756E-02
    161   0.79917497E-01   0.00000000E+00   0.00000000E+00   0.11947588-315   0.31700169E-11   0.13232916E-11   0.30497953E-02   0.00000000E+00   0.38433286E-01   0.12978222E-01   0.40565400E-01
    194   0.88094860E-01   0.00000000E+00   0.00000000E+00   0.11948757-315  -0.26301017E-12  -0.11453158E-10   0.34185981E-02   0.00000000E+00   0.31080529E-01   0.21358667E-01   0.37711960E-01
    226   0.10237487E+00   0.00000000E+00   0.00000000E+00   0.11950045-315   0.45817440E-12  -0.62722199E-11   0.37994462E-02   0.00000000E+00   0.25307391E-01   0.16180159E-01   0.30037670E-01
    258   0.11372897E+00   0.00000000E+00   0.00000000E+00   0.11951453-315   0.18439669E-11   0.99688839E-11   0.41884854E-02   0.00000000E+00   0.81238786E-01  -0.24555787E-02   0.81275890E-01
    291   0.12250585E+00   0.00000000E+00   0.00000000E+00   0.11952981-315   0.10624253E-10   0.36005653E-10   0.45833206E-02   0.00000000E+00   0.16258167E+00   0.47090733E-01   0.16926410E+00
