 0.000000000E+00 0.149365551E+01 0.361707416E+01 0.100000000E+01 0.100000000E+01
 0.100000000E+01 0.100000000E+01 0.233046360E-02 0.233046360E-02 0.485124629E-02
 0.485124629E-02
 0.198086093E-02 0.149367235E+01 0.361708061E+01 0.999890701E+00 0.999890701E+00
 0.999772475E+00 0.999772475E+00 0.191450929E+00 0.191450929E+00 0.398583894E+00
 0.398583894E+00
 0.396172186E-02 0.149372045E+01 0.361709959E+01 0.999571337E+00 0.999571337E+00
 0.999107667E+00 0.999107667E+00 0.376291652E+00 0.376291652E+00 0.783676823E+00
 0.783676823E+00
 0.594258279E-02 0.149379568E+01 0.361713107E+01 0.999047653E+00 0.999047653E+00
 0.998017533E+00 0.998017533E+00 0.554826762E+00 0.554826762E+00 0.115615578E+01
 0.115615578E+01
 0.792344371E-02 0.149389132E+01 0.361717507E+01 0.998329138E+00 0.998329138E+00
 0.996521825E+00 0.996521825E+00 0.723543728E+00 0.723543728E+00 0.150890760E+01
 0.150890760E+01
 0.990430464E-02 0.149399831E+01 0.361723155E+01 0.997428843E+00 0.997428843E+00
 0.994647711E+00 0.994647711E+00 0.879528762E+00 0.879528762E+00 0.183600398E+01
 0.183600398E+01
 0.118851656E-01 0.149410558E+01 0.361730050E+01 0.996363115E+00 0.996363115E+00
 0.992429222E+00 0.992429222E+00 0.101998660E+01 0.101998660E+01 0.213168737E+01
 0.213168737E+01
 0.138660265E-01 0.149420042E+01 0.361738189E+01 0.995151261E+00 0.995151261E+00
 0.989906548E+00 0.989906548E+00 0.114245167E+01 0.114245167E+01 0.239080249E+01
 0.239080249E+01
 0.158468874E-01 0.149426906E+01 0.361747569E+01 0.993815130E+00 0.993815130E+00
 0.987125169E+00 0.987125169E+00 0.124481812E+01 0.124481812E+01 0.260885689E+01
 0.260885689E+01
 0.178277484E-01 0.149429727E+01 0.361758184E+01 0.992378614E+00 0.992378614E+00
 0.984134823E+00 0.984134823E+00 0.132542292E+01 0.132542292E+01 0.278219949E+01
 0.278219949E+01
 0.198086093E-01 0.149427104E+01 0.361770030E+01 0.990867080E+00 0.990867080E+00
 0.980988314E+00 0.980988314E+00 0.138311926E+01 0.138311926E+01 0.290818616E+01
 0.290818616E+01
 0.217894702E-01 0.149417742E+01 0.361783102E+01 0.989306713E+00 0.989306713E+00
 0.977740153E+00 0.977740153E+00 0.141735677E+01 0.141735677E+01 0.298536690E+01
 0.298536690E+01
 0.237703311E-01 0.149400539E+01 0.361797393E+01 0.987723791E+00 0.987723791E+00
 0.974445038E+00 0.974445038E+00 0.142826355E+01 0.142826355E+01 0.301368295E+01
 0.301368295E+01
 0.257511921E-01 0.149374690E+01 0.361812897E+01 0.986143868E+00 0.986143868E+00
 0.971156166E+00 0.971156166E+00 0.141673043E+01 0.141673043E+01 0.299467350E+01
 0.299467350E+01
 0.277320530E-01 0.149339794E+01 0.361829606E+01 0.984590891E+00 0.984590891E+00
 0.967923385E+00 0.967923385E+00 0.138449621E+01 0.138449621E+01 0.293168739E+01
 0.293168739E+01
 0.297129139E-01 0.149295977E+01 0.361847512E+01 0.983086226E+00 0.983086226E+00
 0.964791175E+00 0.964791175E+00 0.133423270E+01 0.133423270E+01 0.283009436E+01
 0.283009436E+01
 0.316937749E-01 0.149244016E+01 0.361866607E+01 0.981647613E+00 0.981647613E+00
 0.961796464E+00 0.961796464E+00 0.126962960E+01 0.126962960E+01 0.269749405E+01
 0.269749405E+01
 0.336746358E-01 0.149185484E+01 0.361886880E+01 0.980288035E+00 0.980288035E+00
 0.958966277E+00 0.958966277E+00 0.119547331E+01 0.119547331E+01 0.254390689E+01
 0.254390689E+01
 0.356554967E-01 0.149122896E+01 0.361908322E+01 0.979014508E+00 0.979014508E+00
 0.956315221E+00 0.956315221E+00 0.111773839E+01 0.111773839E+01 0.238198532E+01
 0.238198532E+01
 0.376363576E-01 0.149059664E+01 0.361930923E+01 0.977826791E+00 0.977826791E+00
 0.953842793E+00 0.953842793E+00 0.104361895E+01 0.104361895E+01 0.222708998E+01
 0.222708998E+01
 0.396172186E-01 0.148997439E+01 0.361954670E+01 0.976716013E+00 0.976716013E+00
 0.951530526E+00 0.951530526E+00 0.981772328E+00 0.981772328E+00 0.209781303E+01
 0.209781303E+01
 0.415980795E-01 0.148936021E+01 0.361979553E+01 0.975663220E+00 0.975663220E+00
 0.949338967E+00 0.949338967E+00 0.941762337E+00 0.941762337E+00 0.201479092E+01
 0.201479092E+01
 0.435789404E-01 0.148874918E+01 0.362005558E+01 0.974637840E+00 0.974637840E+00
 0.947204474E+00 0.947204474E+00 0.936496722E+00 0.936496722E+00 0.200592811E+01
 0.200592811E+01
 0.455598014E-01 0.148813359E+01 0.362032673E+01 0.973596232E+00 0.973596232E+00
 0.945036203E+00 0.945036203E+00 0.973042623E+00 0.973042623E+00 0.208675466E+01
 0.208675466E+01
 0.475406623E-01 0.148750585E+01 0.362060883E+01 0.972503535E+00 0.972503535E+00
 0.942761583E+00 0.942761583E+00 0.102283382E+01 0.102283382E+01 0.219635828E+01
 0.219635828E+01
 0.495215232E-01 0.148685908E+01 0.362090175E+01 0.971364732E+00 0.971364732E+00
 0.940390988E+00 0.940390988E+00 0.106046648E+01 0.106046648E+01 0.228023513E+01
 0.228023513E+01
 0.515023841E-01 0.148618437E+01 0.362120534E+01 0.970192510E+00 0.970192510E+00
 0.937950825E+00 0.937950825E+00 0.108581045E+01 0.108581045E+01 0.233798142E+01
 0.233798142E+01
 0.534832451E-01 0.148547468E+01 0.362151944E+01 0.969002675E+00 0.969002675E+00
 0.935473994E+00 0.935473994E+00 0.109482452E+01 0.109482452E+01 0.236073797E+01
 0.236073797E+01
 0.554641060E-01 0.148473764E+01 0.362184391E+01 0.967814465E+00 0.967814465E+00
 0.933000542E+00 0.933000542E+00 0.108537793E+01 0.108537793E+01 0.234370296E+01
 0.234370296E+01
 0.574449669E-01 0.148398667E+01 0.362217858E+01 0.966643943E+00 0.966643943E+00
 0.930563899E+00 0.930563899E+00 0.106887995E+01 0.106887995E+01 0.231133107E+01
 0.231133107E+01
 0.594258279E-01 0.148323309E+01 0.362252328E+01 0.965490124E+00 0.965490124E+00
 0.928162018E+00 0.928162018E+00 0.105723462E+01 0.105723462E+01 0.228933606E+01
 0.228933606E+01
 0.614066888E-01 0.148246752E+01 0.362287785E+01 0.964347232E+00 0.964347232E+00
 0.925782881E+00 0.925782881E+00 0.105161470E+01 0.105161470E+01 0.228032072E+01
 0.228032072E+01
 0.633875497E-01 0.148167183E+01 0.362324211E+01 0.963207281E+00 0.963207281E+00
 0.923409860E+00 0.923409860E+00 0.105490713E+01 0.105490713E+01 0.229062913E+01
 0.229062913E+01
 0.653684106E-01 0.148083344E+01 0.362361586E+01 0.962061361E+00 0.962061361E+00
 0.921024413E+00 0.921024413E+00 0.106325575E+01 0.106325575E+01 0.231198331E+01
 0.231198331E+01
 0.673492716E-01 0.147995841E+01 0.362399893E+01 0.960908574E+00 0.960908574E+00
 0.918624673E+00 0.918624673E+00 0.106972843E+01 0.106972843E+01 0.232934070E+01
 0.232934070E+01
 0.693301325E-01 0.147905649E+01 0.362439113E+01 0.959751792E+00 0.959751792E+00
 0.916216614E+00 0.916216614E+00 0.107330217E+01 0.107330217E+01 0.234044668E+01
 0.234044668E+01
 0.713109934E-01 0.147813320E+01 0.362479224E+01 0.958594025E+00 0.958594025E+00
 0.913806500E+00 0.913806500E+00 0.107410814E+01 0.107410814E+01 0.234555268E+01
 0.234555268E+01
 0.732918544E-01 0.147719098E+01 0.362520208E+01 0.957437723E+00 0.957437723E+00
 0.911399432E+00 0.911399432E+00 0.107374387E+01 0.107374387E+01 0.234811370E+01
 0.234811370E+01
 0.752727153E-01 0.147622923E+01 0.362562043E+01 0.956282874E+00 0.956282874E+00
 0.908995396E+00 0.908995396E+00 0.107404119E+01 0.107404119E+01 0.235212450E+01
 0.235212450E+01
 0.772535762E-01 0.147524155E+01 0.362604708E+01 0.955128518E+00 0.955128518E+00
 0.906592404E+00 0.906592404E+00 0.107556492E+01 0.107556492E+01 0.235882964E+01
 0.235882964E+01
 0.792344371E-01 0.147422282E+01 0.362648181E+01 0.953973287E+00 0.953973287E+00
 0.904187620E+00 0.904187620E+00 0.107803358E+01 0.107803358E+01 0.236763428E+01
 0.236763428E+01
 0.812152981E-01 0.147317627E+01 0.362692441E+01 0.952816845E+00 0.952816845E+00
 0.901780340E+00 0.901780340E+00 0.108029215E+01 0.108029215E+01 0.237602571E+01
 0.237602571E+01
 0.831961590E-01 0.147210619E+01 0.362737465E+01 0.951659657E+00 0.951659657E+00
 0.899371516E+00 0.899371516E+00 0.108212118E+01 0.108212118E+01 0.238352629E+01
 0.238352629E+01
 0.851770199E-01 0.147101251E+01 0.362783229E+01 0.950502019E+00 0.950502019E+00
 0.896961746E+00 0.896961746E+00 0.108377876E+01 0.108377876E+01 0.239069595E+01
 0.239069595E+01
 0.871578809E-01 0.146989321E+01 0.362829709E+01 0.949344067E+00 0.949344067E+00
 0.894551303E+00 0.894551303E+00 0.108537287E+01 0.108537287E+01 0.239775650E+01
 0.239775650E+01
 0.891387418E-01 0.146874340E+01 0.362876883E+01 0.948185769E+00 0.948185769E+00
 0.892140126E+00 0.892140126E+00 0.108712712E+01 0.108712712E+01 0.240519388E+01
 0.240519388E+01
 0.911196027E-01 0.146755929E+01 0.362924725E+01 0.947026894E+00 0.947026894E+00
 0.889727742E+00 0.889727742E+00 0.108906953E+01 0.108906953E+01 0.241307869E+01
 0.241307869E+01
 0.931004636E-01 0.146634368E+01 0.362973210E+01 0.945867374E+00 0.945867374E+00
 0.887314002E+00 0.887314002E+00 0.109097303E+01 0.109097303E+01 0.242092085E+01
 0.242092085E+01
 0.950813246E-01 0.146510206E+01 0.363022314E+01 0.944707277E+00 0.944707277E+00
 0.884899038E+00 0.884899038E+00 0.109287558E+01 0.109287558E+01 0.242881167E+01
 0.242881167E+01
 0.970621855E-01 0.146384203E+01 0.363072010E+01 0.943546551E+00 0.943546551E+00
 0.882482730E+00 0.882482730E+00 0.109480643E+01 0.109480643E+01 0.243679705E+01
 0.243679705E+01
 0.990430464E-01 0.146256430E+01 0.363122273E+01 0.942385230E+00 0.942385230E+00
 0.880065170E+00 0.880065170E+00 0.109670744E+01 0.109670744E+01 0.244471902E+01
 0.244471902E+01
 0.101023907E+00 0.146126197E+01 0.363173077E+01 0.941223304E+00 0.941223304E+00
 0.877646369E+00 0.877646369E+00 0.109866760E+01 0.109866760E+01 0.245277133E+01
 0.245277133E+01
 0.103004768E+00 0.145992544E+01 0.363224394E+01 0.940060711E+00 0.940060711E+00
 0.875226230E+00 0.875226230E+00 0.110065936E+01 0.110065936E+01 0.246090805E+01
 0.246090805E+01
 0.104985629E+00 0.145855148E+01 0.363276195E+01 0.938897435E+00 0.938897435E+00
 0.872804739E+00 0.872804739E+00 0.110271637E+01 0.110271637E+01 0.246920948E+01
 0.246920948E+01
 0.106966490E+00 0.145715317E+01 0.363328455E+01 0.937733387E+00 0.937733387E+00
 0.870381710E+00 0.870381710E+00 0.110481584E+01 0.110481584E+01 0.247767294E+01
 0.247767294E+01
 0.108947351E+00 0.145573950E+01 0.363381144E+01 0.936568609E+00 0.936568609E+00
 0.867957158E+00 0.867957158E+00 0.110684865E+01 0.110684865E+01 0.248614772E+01
 0.248614772E+01
 0.110928212E+00 0.145430833E+01 0.363434235E+01 0.935403156E+00 0.935403156E+00
 0.865531073E+00 0.865531073E+00 0.110886672E+01 0.110886672E+01 0.249470951E+01
 0.249470951E+01
 0.112909073E+00 0.145283993E+01 0.363487698E+01 0.934237009E+00 0.934237009E+00
 0.863103431E+00 0.863103431E+00 0.111094351E+01 0.111094351E+01 0.250332815E+01
 0.250332815E+01
 0.114889934E+00 0.145133825E+01 0.363541504E+01 0.933070082E+00 0.933070082E+00
 0.860674222E+00 0.860674222E+00 0.111313206E+01 0.111313206E+01 0.251205671E+01
 0.251205671E+01
 0.116870795E+00 0.144982131E+01 0.363595624E+01 0.931902294E+00 0.931902294E+00
 0.858243368E+00 0.858243368E+00 0.111533187E+01 0.111533187E+01 0.252088193E+01
 0.252088193E+01
 0.118851656E+00 0.144828823E+01 0.363650027E+01 0.930733702E+00 0.930733702E+00
 0.855810855E+00 0.855810855E+00 0.111748394E+01 0.111748394E+01 0.252981728E+01
 0.252981728E+01
 0.120832517E+00 0.144672037E+01 0.363704683E+01 0.929564318E+00 0.929564318E+00
 0.853376594E+00 0.853376594E+00 0.111965485E+01 0.111965485E+01 0.253886867E+01
 0.253886867E+01
 0.122813378E+00 0.144511982E+01 0.363759562E+01 0.928394108E+00 0.928394108E+00
 0.850940564E+00 0.850940564E+00 0.112189869E+01 0.112189869E+01 0.254802878E+01
 0.254802878E+01
 0.124794239E+00 0.144351222E+01 0.363814633E+01 0.927223000E+00 0.927223000E+00
 0.848502681E+00 0.848502681E+00 0.112417786E+01 0.112417786E+01 0.255730632E+01
 0.255730632E+01
 0.126775099E+00 0.144187061E+01 0.363869863E+01 0.926051011E+00 0.926051011E+00
 0.846062923E+00 0.846062923E+00 0.112644123E+01 0.112644123E+01 0.256669028E+01
 0.256669028E+01
 0.128755960E+00 0.144020761E+01 0.363925221E+01 0.924878131E+00 0.924878131E+00
 0.843621224E+00 0.843621224E+00 0.112875291E+01 0.112875291E+01 0.257616529E+01
 0.257616529E+01
 0.130736821E+00 0.143853249E+01 0.363980676E+01 0.923704284E+00 0.923704284E+00
 0.841177596E+00 0.841177596E+00 0.113117659E+01 0.113117659E+01 0.258569789E+01
 0.258569789E+01
 0.132717682E+00 0.143682685E+01 0.364036194E+01 0.922529393E+00 0.922529393E+00
 0.838732017E+00 0.838732017E+00 0.113358871E+01 0.113358871E+01 0.259530502E+01
 0.259530502E+01
 0.134698543E+00 0.143509943E+01 0.364091744E+01 0.921353570E+00 0.921353570E+00
 0.836284489E+00 0.836284489E+00 0.113587505E+01 0.113587505E+01 0.260499546E+01
 0.260499546E+01
 0.136679404E+00 0.143335651E+01 0.364147292E+01 0.920176870E+00 0.920176870E+00
 0.833834931E+00 0.833834931E+00 0.113823771E+01 0.113823771E+01 0.261490284E+01
 0.261490284E+01
 0.138660265E+00 0.143158664E+01 0.364202805E+01 0.918999129E+00 0.918999129E+00
 0.831383169E+00 0.831383169E+00 0.114078207E+01 0.114078207E+01 0.262505083E+01
 0.262505083E+01
 0.140641126E+00 0.142980014E+01 0.364258249E+01 0.917820260E+00 0.917820260E+00
 0.828929155E+00 0.828929155E+00 0.114329422E+01 0.114329422E+01 0.263513042E+01
 0.263513042E+01
 0.142621987E+00 0.142799905E+01 0.364313591E+01 0.916640377E+00 0.916640377E+00
 0.826473097E+00 0.826473097E+00 0.114571936E+01 0.114571936E+01 0.264512418E+01
 0.264512418E+01
 0.144602848E+00 0.142616859E+01 0.364368796E+01 0.915459482E+00 0.915459482E+00
 0.824014921E+00 0.824014921E+00 0.114823753E+01 0.114823753E+01 0.265549675E+01
 0.265549675E+01
 0.146583709E+00 0.142433308E+01 0.364423830E+01 0.914277464E+00 0.914277464E+00
 0.821554318E+00 0.821554318E+00 0.115083386E+01 0.115083386E+01 0.266608531E+01
 0.266608531E+01
 0.148564570E+00 0.142247089E+01 0.364478659E+01 0.913094315E+00 0.913094315E+00
 0.819091397E+00 0.819091397E+00 0.115341682E+01 0.115341682E+01 0.267649185E+01
 0.267649185E+01
 0.150545431E+00 0.142059457E+01 0.364533247E+01 0.911910053E+00 0.911910053E+00
 0.816626291E+00 0.816626291E+00 0.115599504E+01 0.115599504E+01 0.268705252E+01
 0.268705252E+01
 0.152526292E+00 0.141870436E+01 0.364587560E+01 0.910724682E+00 0.910724682E+00
 0.814158763E+00 0.814158763E+00 0.115859074E+01 0.115859074E+01 0.269794077E+01
 0.269794077E+01
 0.154507152E+00 0.141680146E+01 0.364641561E+01 0.909538176E+00 0.909538176E+00
 0.811688744E+00 0.811688744E+00 0.116123515E+01 0.116123515E+01 0.270880111E+01
 0.270880111E+01
 0.156488013E+00 0.141488291E+01 0.364695217E+01 0.908350492E+00 0.908350492E+00
 0.809216358E+00 0.809216358E+00 0.116391888E+01 0.116391888E+01 0.271970488E+01
 0.271970488E+01
 0.158468874E+00 0.141294782E+01 0.364748489E+01 0.907161614E+00 0.907161614E+00
 0.806741491E+00 0.806741491E+00 0.116662025E+01 0.116662025E+01 0.273087747E+01
 0.273087747E+01
 0.160449735E+00 0.141100850E+01 0.364801344E+01 0.905971532E+00 0.905971532E+00
 0.804264032E+00 0.804264032E+00 0.116933615E+01 0.116933615E+01 0.274213332E+01
 0.274213332E+01
 0.162430596E+00 0.140904913E+01 0.364853743E+01 0.904780225E+00 0.904780225E+00
 0.801784046E+00 0.801784046E+00 0.117212151E+01 0.117212151E+01 0.275339976E+01
 0.275339976E+01
 0.164411457E+00 0.140708291E+01 0.364905653E+01 0.903587600E+00 0.903587600E+00
 0.799301535E+00 0.799301535E+00 0.117500730E+01 0.117500730E+01 0.276478673E+01
 0.276478673E+01
 0.166392318E+00 0.140510326E+01 0.364957034E+01 0.902393672E+00 0.902393672E+00
 0.796816427E+00 0.796816427E+00 0.117770317E+01 0.117770317E+01 0.277638581E+01
 0.277638581E+01
 0.168373179E+00 0.140311397E+01 0.365007853E+01 0.901198672E+00 0.901198672E+00
 0.794328619E+00 0.794328619E+00 0.118038666E+01 0.118038666E+01 0.278808577E+01
 0.278808577E+01
 0.170354040E+00 0.140112395E+01 0.365058070E+01 0.900002353E+00 0.900002353E+00
 0.791838184E+00 0.791838184E+00 0.118340939E+01 0.118340939E+01 0.279976032E+01
 0.279976032E+01
 0.172334901E+00 0.139911977E+01 0.365107651E+01 0.898804583E+00 0.898804583E+00
 0.789345129E+00 0.789345129E+00 0.118626407E+01 0.118626407E+01 0.281166508E+01
 0.281166508E+01
 0.174315762E+00 0.139711547E+01 0.365156557E+01 0.897605653E+00 0.897605653E+00
 0.786849267E+00 0.786849267E+00 0.118903777E+01 0.118903777E+01 0.282378439E+01
 0.282378439E+01
 0.176296623E+00 0.139509808E+01 0.365204751E+01 0.896405378E+00 0.896405378E+00
 0.784350617E+00 0.784350617E+00 0.119204227E+01 0.119204227E+01 0.283589044E+01
 0.283589044E+01
 0.178277484E+00 0.139308360E+01 0.365252196E+01 0.895203722E+00 0.895203722E+00
 0.781849265E+00 0.781849265E+00 0.119492286E+01 0.119492286E+01 0.284800342E+01
 0.284800342E+01
 0.180258345E+00 0.139106516E+01 0.365298856E+01 0.894000824E+00 0.894000824E+00
 0.779345217E+00 0.779345217E+00 0.119781868E+01 0.119781868E+01 0.286031073E+01
 0.286031073E+01
 0.182239205E+00 0.138904126E+01 0.365344693E+01 0.892796542E+00 0.892796542E+00
 0.776838313E+00 0.776838313E+00 0.120084167E+01 0.120084167E+01 0.287289229E+01
 0.287289229E+01
 0.184220066E+00 0.138701812E+01 0.365389670E+01 0.891590878E+00 0.891590878E+00
 0.774328473E+00 0.774328473E+00 0.120381597E+01 0.120381597E+01 0.288554457E+01
 0.288554457E+01
 0.186200927E+00 0.138499485E+01 0.365433750E+01 0.890383874E+00 0.890383874E+00
 0.771815802E+00 0.771815802E+00 0.120679012E+01 0.120679012E+01 0.289810171E+01
 0.289810171E+01
 0.188181788E+00 0.138297616E+01 0.365476894E+01 0.889175489E+00 0.889175489E+00
 0.769300397E+00 0.769300397E+00 0.120986864E+01 0.120986864E+01 0.291083306E+01
 0.291083306E+01
 0.190162649E+00 0.138095284E+01 0.365519068E+01 0.887965658E+00 0.887965658E+00
 0.766782048E+00 0.766782048E+00 0.121290265E+01 0.121290265E+01 0.292391114E+01
 0.292391114E+01
 0.192143510E+00 0.137893906E+01 0.365560232E+01 0.886754514E+00 0.886754514E+00
 0.764260689E+00 0.764260689E+00 0.121587347E+01 0.121587347E+01 0.293695634E+01
 0.293695634E+01
 0.194124371E+00 0.137692818E+01 0.365600351E+01 0.885541998E+00 0.885541998E+00
 0.761736528E+00 0.761736528E+00 0.121898038E+01 0.121898038E+01 0.294987233E+01
 0.294987233E+01
 0.196105232E+00 0.137491851E+01 0.365639388E+01 0.884328035E+00 0.884328035E+00
 0.759209580E+00 0.759209580E+00 0.122206717E+01 0.122206717E+01 0.296314074E+01
 0.296314074E+01
 0.198086093E+00 0.137292532E+01 0.365677306E+01 0.883112692E+00 0.883112692E+00
 0.756679550E+00 0.756679550E+00 0.122518540E+01 0.122518540E+01 0.297669926E+01
 0.297669926E+01
 0.200066954E+00 0.137093009E+01 0.365714067E+01 0.881895861E+00 0.881895861E+00
 0.754146552E+00 0.754146552E+00 0.122838471E+01 0.122838471E+01 0.298998070E+01
 0.298998070E+01
 0.202047815E+00 0.136895321E+01 0.365749638E+01 0.880677622E+00 0.880677622E+00
 0.751610832E+00 0.751610832E+00 0.123137728E+01 0.123137728E+01 0.300342115E+01
 0.300342115E+01
 0.204028676E+00 0.136698033E+01 0.365783980E+01 0.879458149E+00 0.879458149E+00
 0.749072094E+00 0.749072094E+00 0.123441005E+01 0.123441005E+01 0.301729459E+01
 0.301729459E+01
 0.206009537E+00 0.136502305E+01 0.365817058E+01 0.878237217E+00 0.878237217E+00
 0.746530319E+00 0.746530319E+00 0.123770481E+01 0.123770481E+01 0.303101245E+01
 0.303101245E+01
 0.207990398E+00 0.136307657E+01 0.365848836E+01 0.877014782E+00 0.877014782E+00
 0.743985771E+00 0.743985771E+00 0.124079187E+01 0.124079187E+01 0.304467633E+01
 0.304467633E+01
 0.209971258E+00 0.136114369E+01 0.365879282E+01 0.875791076E+00 0.875791076E+00
 0.741438367E+00 0.741438367E+00 0.124394445E+01 0.124394445E+01 0.305870092E+01
 0.305870092E+01
 0.211952119E+00 0.135922881E+01 0.365908356E+01 0.874565824E+00 0.874565824E+00
 0.738887964E+00 0.738887964E+00 0.124723575E+01 0.124723575E+01 0.307278475E+01
 0.307278475E+01
 0.213932980E+00 0.135732795E+01 0.365936027E+01 0.873339200E+00 0.873339200E+00
 0.736334708E+00 0.736334708E+00 0.125027807E+01 0.125027807E+01 0.308691129E+01
 0.308691129E+01
 0.215913841E+00 0.135544986E+01 0.365962260E+01 0.872111323E+00 0.872111323E+00
 0.733778495E+00 0.733778495E+00 0.125334848E+01 0.125334848E+01 0.310131281E+01
 0.310131281E+01
 0.217894702E+00 0.135358730E+01 0.365987020E+01 0.870882048E+00 0.870882048E+00
 0.731219334E+00 0.731219334E+00 0.125670135E+01 0.125670135E+01 0.311558135E+01
 0.311558135E+01
 0.219875563E+00 0.135174631E+01 0.366010277E+01 0.869651225E+00 0.869651225E+00
 0.728657459E+00 0.728657459E+00 0.125986813E+01 0.125986813E+01 0.312990029E+01
 0.312990029E+01
 0.221856424E+00 0.134992791E+01 0.366031995E+01 0.868419224E+00 0.868419224E+00
 0.726092712E+00 0.726092712E+00 0.126288324E+01 0.126288324E+01 0.314454398E+01
 0.314454398E+01
 0.223837285E+00 0.134813139E+01 0.366052143E+01 0.867185843E+00 0.867185843E+00
 0.723525092E+00 0.723525092E+00 0.126624045E+01 0.126624045E+01 0.315910406E+01
 0.315910406E+01
 0.225818146E+00 0.134636305E+01 0.366070690E+01 0.865950980E+00 0.865950980E+00
 0.720954787E+00 0.720954787E+00 0.126938555E+01 0.126938555E+01 0.317368154E+01
 0.317368154E+01
 0.227799007E+00 0.134461636E+01 0.366087604E+01 0.864714960E+00 0.864714960E+00
 0.718381732E+00 0.718381732E+00 0.127241694E+01 0.127241694E+01 0.318851158E+01
 0.318851158E+01
 0.229779868E+00 0.134290052E+01 0.366102855E+01 0.863477617E+00 0.863477617E+00
 0.715805882E+00 0.715805882E+00 0.127568634E+01 0.127568634E+01 0.320342042E+01
 0.320342042E+01
 0.231760729E+00 0.134121276E+01 0.366116415E+01 0.862238877E+00 0.862238877E+00
 0.713227303E+00 0.713227303E+00 0.127892498E+01 0.127892498E+01 0.321839683E+01
 0.321839683E+01
 0.233741590E+00 0.133955429E+01 0.366128252E+01 0.860998839E+00 0.860998839E+00
 0.710645981E+00 0.710645981E+00 0.128204188E+01 0.128204188E+01 0.323355048E+01
 0.323355048E+01
 0.235722451E+00 0.133792763E+01 0.366138340E+01 0.859757586E+00 0.859757586E+00
 0.708061990E+00 0.708061990E+00 0.128517824E+01 0.128517824E+01 0.324842967E+01
 0.324842967E+01
 0.237703311E+00 0.133633366E+01 0.366146651E+01 0.858515040E+00 0.858515040E+00
 0.705475647E+00 0.705475647E+00 0.128840591E+01 0.128840591E+01 0.326349051E+01
 0.326349051E+01
 0.239684172E+00 0.133477505E+01 0.366153159E+01 0.857271255E+00 0.857271255E+00
 0.702886586E+00 0.702886586E+00 0.129139222E+01 0.129139222E+01 0.327901047E+01
 0.327901047E+01
 0.241665033E+00 0.133325027E+01 0.366157838E+01 0.856026424E+00 0.856026424E+00
 0.700294934E+00 0.700294934E+00 0.129455015E+01 0.129455015E+01 0.329415341E+01
 0.329415341E+01
 0.243645894E+00 0.133176555E+01 0.366160662E+01 0.854780216E+00 0.854780216E+00
 0.697700983E+00 0.697700983E+00 0.129775155E+01 0.129775155E+01 0.330950720E+01
 0.330950720E+01
 0.245626755E+00 0.133031597E+01 0.366161609E+01 0.853532948E+00 0.853532948E+00
 0.695104446E+00 0.695104446E+00 0.130072318E+01 0.130072318E+01 0.332512868E+01
 0.332512868E+01
 0.247607616E+00 0.132890949E+01 0.366160655E+01 0.852284549E+00 0.852284549E+00
 0.692505562E+00 0.692505562E+00 0.130386758E+01 0.130386758E+01 0.334040574E+01
 0.334040574E+01
 0.249588477E+00 0.132754211E+01 0.366157779E+01 0.851034975E+00 0.851034975E+00
 0.689904500E+00 0.689904500E+00 0.130697137E+01 0.130697137E+01 0.335598352E+01
 0.335598352E+01
 0.251569338E+00 0.132621861E+01 0.366152960E+01 0.849784327E+00 0.849784327E+00
 0.687301033E+00 0.687301033E+00 0.130995065E+01 0.130995065E+01 0.337169637E+01
 0.337169637E+01
 0.253550199E+00 0.132493935E+01 0.366146180E+01 0.848532667E+00 0.848532667E+00
 0.684695412E+00 0.684695412E+00 0.131302428E+01 0.131302428E+01 0.338724734E+01
 0.338724734E+01
 0.255531060E+00 0.132370493E+01 0.366137417E+01 0.847279892E+00 0.847279892E+00
 0.682087710E+00 0.682087710E+00 0.131603708E+01 0.131603708E+01 0.340282103E+01
 0.340282103E+01
 0.257511921E+00 0.132251889E+01 0.366126657E+01 0.846026192E+00 0.846026192E+00
 0.679477981E+00 0.679477981E+00 0.131898251E+01 0.131898251E+01 0.341875597E+01
 0.341875597E+01
 0.259492782E+00 0.132138057E+01 0.366113882E+01 0.844771514E+00 0.844771514E+00
 0.676866033E+00 0.676866033E+00 0.132189504E+01 0.132189504E+01 0.343454274E+01
 0.343454274E+01
 0.261473643E+00 0.132029264E+01 0.366099079E+01 0.843515970E+00 0.843515970E+00
 0.674252326E+00 0.674252326E+00 0.132488035E+01 0.132488035E+01 0.345029810E+01
 0.345029810E+01
 0.263454504E+00 0.131925682E+01 0.366082233E+01 0.842259404E+00 0.842259404E+00
 0.671636667E+00 0.671636667E+00 0.132780320E+01 0.132780320E+01 0.346606218E+01
 0.346606218E+01
 0.265435364E+00 0.131827274E+01 0.366063333E+01 0.841002068E+00 0.841002068E+00
 0.669019403E+00 0.669019403E+00 0.133066569E+01 0.133066569E+01 0.348200889E+01
 0.348200889E+01
 0.267416225E+00 0.131734522E+01 0.366042367E+01 0.839743815E+00 0.839743815E+00
 0.666400174E+00 0.666400174E+00 0.133355966E+01 0.133355966E+01 0.349806323E+01
 0.349806323E+01
 0.269397086E+00 0.131647096E+01 0.366019327E+01 0.838484844E+00 0.838484844E+00
 0.663779461E+00 0.663779461E+00 0.133628203E+01 0.133628203E+01 0.351382526E+01
 0.351382526E+01
 0.271377947E+00 0.131565689E+01 0.365994205E+01 0.837225148E+00 0.837225148E+00
 0.661157180E+00 0.661157180E+00 0.133910416E+01 0.133910416E+01 0.352986314E+01
 0.352986314E+01
 0.273358808E+00 0.131490058E+01 0.365966993E+01 0.835964701E+00 0.835964701E+00
 0.658533452E+00 0.658533452E+00 0.134186131E+01 0.134186131E+01 0.354573936E+01
 0.354573936E+01
 0.275339669E+00 0.131420444E+01 0.365937688E+01 0.834703657E+00 0.834703657E+00
 0.655908365E+00 0.655908365E+00 0.134443221E+01 0.134443221E+01 0.356195071E+01
 0.356195071E+01
 0.277320530E+00 0.131357109E+01 0.365906287E+01 0.833442057E+00 0.833442057E+00
 0.653281807E+00 0.653281807E+00 0.134724206E+01 0.134724206E+01 0.357789457E+01
 0.357789457E+01
 0.279301391E+00 0.131300057E+01 0.365872786E+01 0.832179701E+00 0.832179701E+00
 0.650654302E+00 0.650654302E+00 0.134984061E+01 0.134984061E+01 0.359370955E+01
 0.359370955E+01
 0.281282252E+00 0.131249640E+01 0.365837187E+01 0.830917012E+00 0.830917012E+00
 0.648025629E+00 0.648025629E+00 0.135239022E+01 0.135239022E+01 0.360987279E+01
 0.360987279E+01
 0.283263113E+00 0.131205698E+01 0.365799491E+01 0.829653678E+00 0.829653678E+00
 0.645395944E+00 0.645395944E+00 0.135504370E+01 0.135504370E+01 0.362584940E+01
 0.362584940E+01
 0.285243974E+00 0.131168832E+01 0.365759700E+01 0.828389992E+00 0.828389992E+00
 0.642765389E+00 0.642765389E+00 0.135744450E+01 0.135744450E+01 0.364181023E+01
 0.364181023E+01
 0.287224835E+00 0.131138770E+01 0.365717820E+01 0.827125961E+00 0.827125961E+00
 0.640134095E+00 0.640134095E+00 0.135983685E+01 0.135983685E+01 0.365770933E+01
 0.365770933E+01
 0.289205696E+00 0.131115893E+01 0.365673858E+01 0.825861648E+00 0.825861648E+00
 0.637502116E+00 0.637502116E+00 0.136233530E+01 0.136233530E+01 0.367390736E+01
 0.367390736E+01
 0.291186557E+00 0.131100334E+01 0.365627821E+01 0.824596902E+00 0.824596902E+00
 0.634869392E+00 0.634869392E+00 0.136474760E+01 0.136474760E+01 0.368981029E+01
 0.368981029E+01
 0.293167417E+00 0.131092157E+01 0.365579719E+01 0.823332057E+00 0.823332057E+00
 0.632236438E+00 0.632236438E+00 0.136685840E+01 0.136685840E+01 0.370551026E+01
 0.370551026E+01
 0.295148278E+00 0.131091719E+01 0.365529565E+01 0.822067098E+00 0.822067098E+00
 0.629603059E+00 0.629603059E+00 0.136927688E+01 0.136927688E+01 0.372176781E+01
 0.372176781E+01
 0.297129139E+00 0.131098900E+01 0.365477370E+01 0.820801829E+00 0.820801829E+00
 0.626969306E+00 0.626969306E+00 0.137148962E+01 0.137148962E+01 0.373741642E+01
 0.373741642E+01
 0.299110000E+00 0.131114184E+01 0.365423153E+01 0.819536663E+00 0.819536663E+00
 0.624335749E+00 0.624335749E+00 0.137355400E+01 0.137355400E+01 0.375312324E+01
 0.375312324E+01
 0.301090861E+00 0.131137505E+01 0.365366929E+01 0.818271439E+00 0.818271439E+00
 0.621701987E+00 0.621701987E+00 0.137563796E+01 0.137563796E+01 0.376928111E+01
 0.376928111E+01
 0.303071722E+00 0.131169108E+01 0.365308718E+01 0.817006399E+00 0.817006399E+00
 0.619068293E+00 0.619068293E+00 0.137756983E+01 0.137756983E+01 0.378492923E+01
 0.378492923E+01
 0.305052583E+00 0.131209231E+01 0.365248539E+01 0.815741407E+00 0.815741407E+00
 0.616434942E+00 0.616434942E+00 0.137978407E+01 0.137978407E+01 0.380061496E+01
 0.380061496E+01
 0.307033444E+00 0.131257829E+01 0.365186416E+01 0.814476444E+00 0.814476444E+00
 0.613801920E+00 0.613801920E+00 0.138156191E+01 0.138156191E+01 0.381632589E+01
 0.381632589E+01
 0.309014305E+00 0.131315374E+01 0.365122372E+01 0.813211978E+00 0.813211978E+00
 0.611169451E+00 0.611169451E+00 0.138336501E+01 0.138336501E+01 0.383177944E+01
 0.383177944E+01
 0.310995166E+00 0.131381653E+01 0.365056435E+01 0.811947622E+00 0.811947622E+00
 0.608537693E+00 0.608537693E+00 0.138527051E+01 0.138527051E+01 0.384736090E+01
 0.384736090E+01
 0.312976027E+00 0.131457235E+01 0.364988633E+01 0.810683704E+00 0.810683704E+00
 0.605906654E+00 0.605906654E+00 0.138697086E+01 0.138697086E+01 0.386274002E+01
 0.386274002E+01
 0.314956888E+00 0.131542032E+01 0.364918993E+01 0.809420130E+00 0.809420130E+00
 0.603276621E+00 0.603276621E+00 0.138864924E+01 0.138864924E+01 0.387827363E+01
 0.387827363E+01
 0.316937749E+00 0.131636367E+01 0.364847549E+01 0.808157163E+00 0.808157163E+00
 0.600647411E+00 0.600647411E+00 0.139008848E+01 0.139008848E+01 0.389371090E+01
 0.389371090E+01
 0.318918610E+00 0.131740380E+01 0.364774335E+01 0.806894798E+00 0.806894798E+00
 0.598019491E+00 0.598019491E+00 0.139167871E+01 0.139167871E+01 0.390889216E+01
 0.390889216E+01
 0.320899470E+00 0.131854167E+01 0.364699383E+01 0.805632979E+00 0.805632979E+00
 0.595392818E+00 0.595392818E+00 0.139313022E+01 0.139313022E+01 0.392406513E+01
 0.392406513E+01
 0.322880331E+00 0.131978051E+01 0.364622734E+01 0.804371916E+00 0.804371916E+00
 0.592767718E+00 0.592767718E+00 0.139449608E+01 0.139449608E+01 0.393901582E+01
 0.393901582E+01
 0.324861192E+00 0.132112020E+01 0.364544423E+01 0.803111590E+00 0.803111590E+00
 0.590144149E+00 0.590144149E+00 0.139573051E+01 0.139573051E+01 0.395432880E+01
 0.395432880E+01
 0.326842053E+00 0.132256493E+01 0.364464491E+01 0.801852177E+00 0.801852177E+00
 0.587522174E+00 0.587522174E+00 0.139707547E+01 0.139707547E+01 0.396906463E+01
 0.396906463E+01
 0.328822914E+00 0.132411497E+01 0.364382983E+01 0.800593478E+00 0.800593478E+00
 0.584902320E+00 0.584902320E+00 0.139819826E+01 0.139819826E+01 0.398380034E+01
 0.398380034E+01
 0.330803775E+00 0.132577298E+01 0.364299938E+01 0.799335958E+00 0.799335958E+00
 0.582284348E+00 0.582284348E+00 0.139922973E+01 0.139922973E+01 0.399852231E+01
 0.399852231E+01
 0.332784636E+00 0.132754116E+01 0.364215404E+01 0.798079340E+00 0.798079340E+00
 0.579668697E+00 0.579668697E+00 0.140022962E+01 0.140022962E+01 0.401310052E+01
 0.401310052E+01
 0.334765497E+00 0.132942069E+01 0.364129428E+01 0.796823980E+00 0.796823980E+00
 0.577055183E+00 0.577055183E+00 0.140119048E+01 0.140119048E+01 0.402779242E+01
 0.402779242E+01
 0.336746358E+00 0.133141388E+01 0.364042056E+01 0.795569589E+00 0.795569589E+00
 0.574444225E+00 0.574444225E+00 0.140212413E+01 0.140212413E+01 0.404179027E+01
 0.404179027E+01
 0.338727219E+00 0.133352247E+01 0.363953339E+01 0.794316626E+00 0.794316626E+00
 0.571836028E+00 0.571836028E+00 0.140264207E+01 0.140264207E+01 0.405623666E+01
 0.405623666E+01
 0.340708080E+00 0.133574907E+01 0.363863330E+01 0.793065035E+00 0.793065035E+00
 0.569230369E+00 0.569230369E+00 0.140349589E+01 0.140349589E+01 0.407032807E+01
 0.407032807E+01
 0.342688941E+00 0.133809523E+01 0.363772079E+01 0.791814680E+00 0.791814680E+00
 0.566627854E+00 0.566627854E+00 0.140406888E+01 0.140406888E+01 0.408427026E+01
 0.408427026E+01
 0.344669802E+00 0.134056366E+01 0.363679640E+01 0.790565977E+00 0.790565977E+00
 0.564028207E+00 0.564028207E+00 0.140448340E+01 0.140448340E+01 0.409826318E+01
 0.409826318E+01
 0.346650663E+00 0.134315601E+01 0.363586069E+01 0.789318736E+00 0.789318736E+00
 0.561431915E+00 0.561431915E+00 0.140504138E+01 0.140504138E+01 0.411184263E+01
 0.411184263E+01
 0.348631523E+00 0.134587480E+01 0.363491423E+01 0.788073110E+00 0.788073110E+00
 0.558839001E+00 0.558839001E+00 0.140530881E+01 0.140530881E+01 0.412522727E+01
 0.412522727E+01
 0.350612384E+00 0.134872194E+01 0.363395759E+01 0.786829239E+00 0.786829239E+00
 0.556249786E+00 0.556249786E+00 0.140559134E+01 0.140559134E+01 0.413877386E+01
 0.413877386E+01
 0.352593245E+00 0.135169959E+01 0.363299135E+01 0.785587083E+00 0.785587083E+00
 0.553663990E+00 0.553663990E+00 0.140575117E+01 0.140575117E+01 0.415225971E+01
 0.415225971E+01
 0.354574106E+00 0.135481026E+01 0.363201611E+01 0.784346867E+00 0.784346867E+00
 0.551082182E+00 0.551082182E+00 0.140574478E+01 0.140574478E+01 0.416503116E+01
 0.416503116E+01
 0.356554967E+00 0.135805600E+01 0.363103250E+01 0.783108550E+00 0.783108550E+00
 0.548504421E+00 0.548504421E+00 0.140587981E+01 0.140587981E+01 0.417825776E+01
 0.417825776E+01
 0.358535828E+00 0.136143956E+01 0.363004110E+01 0.781872128E+00 0.781872128E+00
 0.545930659E+00 0.545930659E+00 0.140575089E+01 0.140575089E+01 0.419086779E+01
 0.419086779E+01
 0.360516689E+00 0.136496297E+01 0.362904256E+01 0.780637897E+00 0.780637897E+00
 0.543361442E+00 0.543361442E+00 0.140552470E+01 0.140552470E+01 0.420360617E+01
 0.420360617E+01
 0.362497550E+00 0.136862894E+01 0.362803750E+01 0.779405772E+00 0.779405772E+00
 0.540796382E+00 0.540796382E+00 0.140520255E+01 0.140520255E+01 0.421619678E+01
 0.421619678E+01
 0.364478411E+00 0.137243972E+01 0.362702657E+01 0.778175932E+00 0.778175932E+00
 0.538236207E+00 0.538236207E+00 0.140500627E+01 0.140500627E+01 0.422808882E+01
 0.422808882E+01
 0.366459272E+00 0.137639788E+01 0.362601040E+01 0.776948181E+00 0.776948181E+00
 0.535680785E+00 0.535680785E+00 0.140443614E+01 0.140443614E+01 0.424045602E+01
 0.424045602E+01
 0.368440133E+00 0.138050602E+01 0.362498966E+01 0.775723090E+00 0.775723090E+00
 0.533130204E+00 0.533130204E+00 0.140391671E+01 0.140391671E+01 0.425230647E+01
 0.425230647E+01
 0.370420994E+00 0.138476661E+01 0.362396499E+01 0.774500153E+00 0.774500153E+00
 0.530584818E+00 0.530584818E+00 0.140330788E+01 0.140330788E+01 0.426401003E+01
 0.426401003E+01
 0.372401855E+00 0.138918233E+01 0.362293706E+01 0.773280004E+00 0.773280004E+00
 0.528044565E+00 0.528044565E+00 0.140253403E+01 0.140253403E+01 0.427578435E+01
 0.427578435E+01
 0.374382716E+00 0.139375597E+01 0.362190653E+01 0.772062186E+00 0.772062186E+00
 0.525509647E+00 0.525509647E+00 0.140185451E+01 0.140185451E+01 0.428713908E+01
 0.428713908E+01
 0.376363576E+00 0.139849016E+01 0.362087406E+01 0.770847217E+00 0.770847217E+00
 0.522980330E+00 0.522980330E+00 0.140070867E+01 0.140070867E+01 0.429814487E+01
 0.429814487E+01
 0.378344437E+00 0.140338798E+01 0.361984033E+01 0.769634980E+00 0.769634980E+00
 0.520456831E+00 0.520456831E+00 0.139990215E+01 0.139990215E+01 0.430888574E+01
 0.430888574E+01
 0.380325298E+00 0.140845190E+01 0.361880599E+01 0.768425394E+00 0.768425394E+00
 0.517939213E+00 0.517939213E+00 0.139884452E+01 0.139884452E+01 0.431995525E+01
 0.431995525E+01
 0.382306159E+00 0.141368505E+01 0.361777171E+01 0.767218787E+00 0.767218787E+00
 0.515427375E+00 0.515427375E+00 0.139754629E+01 0.139754629E+01 0.433051472E+01
 0.433051472E+01
 0.384287020E+00 0.141909022E+01 0.361673816E+01 0.766015174E+00 0.766015174E+00
 0.512921836E+00 0.512921836E+00 0.139621543E+01 0.139621543E+01 0.434096171E+01
 0.434096171E+01
 0.386267881E+00 0.142467057E+01 0.361570601E+01 0.764814604E+00 0.764814604E+00
 0.510422411E+00 0.510422411E+00 0.139497609E+01 0.139497609E+01 0.435093370E+01
 0.435093370E+01
 0.388248742E+00 0.143042921E+01 0.361467591E+01 0.763616954E+00 0.763616954E+00
 0.507929702E+00 0.507929702E+00 0.139360214E+01 0.139360214E+01 0.436103328E+01
 0.436103328E+01
 0.390229603E+00 0.143636903E+01 0.361364852E+01 0.762422575E+00 0.762422575E+00
 0.505443178E+00 0.505443178E+00 0.139182096E+01 0.139182096E+01 0.437099073E+01
 0.437099073E+01
 0.392210464E+00 0.144249352E+01 0.361262451E+01 0.761231529E+00 0.761231529E+00
 0.502963684E+00 0.502963684E+00 0.139030112E+01 0.139030112E+01 0.437998717E+01
 0.437998717E+01
 0.394191325E+00 0.144880581E+01 0.361160450E+01 0.760043600E+00 0.760043600E+00
 0.500491032E+00 0.500491032E+00 0.138861487E+01 0.138861487E+01 0.438971305E+01
 0.438971305E+01
 0.396172186E+00 0.145530922E+01 0.361058915E+01 0.758859146E+00 0.758859146E+00
 0.498025212E+00 0.498025212E+00 0.138676096E+01 0.138676096E+01 0.439872440E+01
 0.439872440E+01
 0.398153047E+00 0.146200722E+01 0.360957908E+01 0.757678035E+00 0.757678035E+00
 0.495566698E+00 0.495566698E+00 0.138488462E+01 0.138488462E+01 0.440756692E+01
 0.440756692E+01
 0.400133908E+00 0.146890315E+01 0.360857495E+01 0.756500479E+00 0.756500479E+00
 0.493115299E+00 0.493115299E+00 0.138291645E+01 0.138291645E+01 0.441644726E+01
 0.441644726E+01
 0.402114769E+00 0.147600087E+01 0.360757735E+01 0.755326402E+00 0.755326402E+00
 0.490671331E+00 0.490671331E+00 0.138078156E+01 0.138078156E+01 0.442481035E+01
 0.442481035E+01
 0.404095629E+00 0.148330353E+01 0.360658689E+01 0.754156066E+00 0.754156066E+00
 0.488234917E+00 0.488234917E+00 0.137866921E+01 0.137866921E+01 0.443294176E+01
 0.443294176E+01
 0.406076490E+00 0.149081538E+01 0.360560419E+01 0.752989235E+00 0.752989235E+00
 0.485806255E+00 0.485806255E+00 0.137646713E+01 0.137646713E+01 0.444085545E+01
 0.444085545E+01
 0.408057351E+00 0.149853972E+01 0.360462983E+01 0.751826291E+00 0.751826291E+00
 0.483385309E+00 0.483385309E+00 0.137400059E+01 0.137400059E+01 0.444905088E+01
 0.444905088E+01
 0.410038212E+00 0.150648077E+01 0.360366438E+01 0.750667128E+00 0.750667128E+00
 0.480972130E+00 0.480972130E+00 0.137161851E+01 0.137161851E+01 0.445630187E+01
 0.445630187E+01
 0.412019073E+00 0.151464230E+01 0.360270842E+01 0.749511829E+00 0.749511829E+00
 0.478567301E+00 0.478567301E+00 0.136916179E+01 0.136916179E+01 0.446357793E+01
 0.446357793E+01
 0.413999934E+00 0.152302837E+01 0.360176250E+01 0.748360394E+00 0.748360394E+00
 0.476170385E+00 0.476170385E+00 0.136653615E+01 0.136653615E+01 0.447088074E+01
 0.447088074E+01
 0.415980795E+00 0.153164328E+01 0.360082716E+01 0.747213044E+00 0.747213044E+00
 0.473781864E+00 0.473781864E+00 0.136378271E+01 0.136378271E+01 0.447778147E+01
 0.447778147E+01
 0.417961656E+00 0.154049082E+01 0.359990293E+01 0.746069665E+00 0.746069665E+00
 0.471401552E+00 0.471401552E+00 0.136122990E+01 0.136122990E+01 0.448456594E+01
 0.448456594E+01
 0.419942517E+00 0.154957611E+01 0.359899032E+01 0.744930261E+00 0.744930261E+00
 0.469029875E+00 0.469029875E+00 0.135830784E+01 0.135830784E+01 0.449080608E+01
 0.449080608E+01
 0.421923378E+00 0.155890250E+01 0.359808983E+01 0.743795161E+00 0.743795161E+00
 0.466666779E+00 0.466666779E+00 0.135537745E+01 0.135537745E+01 0.449714301E+01
 0.449714301E+01
 0.423904239E+00 0.156847582E+01 0.359720193E+01 0.742664117E+00 0.742664117E+00
 0.464312366E+00 0.464312366E+00 0.135245511E+01 0.135245511E+01 0.450324778E+01
 0.450324778E+01
 0.425885100E+00 0.157829912E+01 0.359632711E+01 0.741537382E+00 0.741537382E+00
 0.461966730E+00 0.461966730E+00 0.134939433E+01 0.134939433E+01 0.450893963E+01
 0.450893963E+01
 0.427865961E+00 0.158837908E+01 0.359546581E+01 0.740414844E+00 0.740414844E+00
 0.459630100E+00 0.459630100E+00 0.134627589E+01 0.134627589E+01 0.451450754E+01
 0.451450754E+01
 0.429846822E+00 0.159871830E+01 0.359461845E+01 0.739296722E+00 0.739296722E+00
 0.457302342E+00 0.457302342E+00 0.134303342E+01 0.134303342E+01 0.452025179E+01
 0.452025179E+01
 0.431827682E+00 0.160932447E+01 0.359378547E+01 0.738182952E+00 0.738182952E+00
 0.454983598E+00 0.454983598E+00 0.133967957E+01 0.133967957E+01 0.452518149E+01
 0.452518149E+01
 0.433808543E+00 0.162019968E+01 0.359296724E+01 0.737073703E+00 0.737073703E+00
 0.452674172E+00 0.452674172E+00 0.133641441E+01 0.133641441E+01 0.453038275E+01
 0.453038275E+01
 0.435789404E+00 0.163135240E+01 0.359216417E+01 0.735968725E+00 0.735968725E+00
 0.450373711E+00 0.450373711E+00 0.133308900E+01 0.133308900E+01 0.453537078E+01
 0.453537078E+01
 0.437770265E+00 0.164278464E+01 0.359137661E+01 0.734868375E+00 0.734868375E+00
 0.448082745E+00 0.448082745E+00 0.132941505E+01 0.132941505E+01 0.453964375E+01
 0.453964375E+01
 0.439751126E+00 0.165450524E+01 0.359060490E+01 0.733772579E+00 0.733772579E+00
 0.445801118E+00 0.445801118E+00 0.132606152E+01 0.132606152E+01 0.454449597E+01
 0.454449597E+01
 0.441731987E+00 0.166651649E+01 0.358984937E+01 0.732681211E+00 0.732681211E+00
 0.443528783E+00 0.443528783E+00 0.132239298E+01 0.132239298E+01 0.454867667E+01
 0.454867667E+01
 0.443712848E+00 0.167882741E+01 0.358911031E+01 0.731594653E+00 0.731594653E+00
 0.441266091E+00 0.441266091E+00 0.131861581E+01 0.131861581E+01 0.455283448E+01
 0.455283448E+01
 0.445693709E+00 0.169144084E+01 0.358838804E+01 0.730512645E+00 0.730512645E+00
 0.439012698E+00 0.439012698E+00 0.131502270E+01 0.131502270E+01 0.455739119E+01
 0.455739119E+01
 0.447674570E+00 0.170436580E+01 0.358768281E+01 0.729435309E+00 0.729435309E+00
 0.436768782E+00 0.436768782E+00 0.131119514E+01 0.131119514E+01 0.456106308E+01
 0.456106308E+01
 0.449655431E+00 0.171760605E+01 0.358699486E+01 0.728362709E+00 0.728362709E+00
 0.434534583E+00 0.434534583E+00 0.130732875E+01 0.130732875E+01 0.456499191E+01
 0.456499191E+01
 0.451636292E+00 0.173116991E+01 0.358632443E+01 0.727294834E+00 0.727294834E+00
 0.432309650E+00 0.432309650E+00 0.130353829E+01 0.130353829E+01 0.456971572E+01
 0.456971572E+01
 0.453617153E+00 0.174506271E+01 0.358567173E+01 0.726231662E+00 0.726231662E+00
 0.430093985E+00 0.430093985E+00 0.129948127E+01 0.129948127E+01 0.457342480E+01
 0.457342480E+01
 0.455598014E+00 0.175929194E+01 0.358503694E+01 0.725173447E+00 0.725173447E+00
 0.427888014E+00 0.427888014E+00 0.129544090E+01 0.129544090E+01 0.457742198E+01
 0.457742198E+01
 0.457578875E+00 0.177386456E+01 0.358442025E+01 0.724119924E+00 0.724119924E+00
 0.425691086E+00 0.425691086E+00 0.129152262E+01 0.129152262E+01 0.458232590E+01
 0.458232590E+01
 0.459559735E+00 0.178878700E+01 0.358382179E+01 0.723071271E+00 0.723071271E+00
 0.423503191E+00 0.423503191E+00 0.128729790E+01 0.128729790E+01 0.458711668E+01
 0.458711668E+01
 0.461540596E+00 0.180406798E+01 0.358324172E+01 0.722027505E+00 0.722027505E+00
 0.421324184E+00 0.421324184E+00 0.128333801E+01 0.128333801E+01 0.459214406E+01
 0.459214406E+01
 0.463521457E+00 0.181971312E+01 0.358268012E+01 0.720988453E+00 0.720988453E+00
 0.419153932E+00 0.419153932E+00 0.127907783E+01 0.127907783E+01 0.459782283E+01
 0.459782283E+01
 0.465502318E+00 0.183573167E+01 0.358213712E+01 0.719954484E+00 0.719954484E+00
 0.416991923E+00 0.416991923E+00 0.127490131E+01 0.127490131E+01 0.460451348E+01
 0.460451348E+01
 0.467483179E+00 0.185213169E+01 0.358161277E+01 0.718925205E+00 0.718925205E+00
 0.414837698E+00 0.414837698E+00 0.127065583E+01 0.127065583E+01 0.461253724E+01
 0.461253724E+01
 0.469464040E+00 0.186891916E+01 0.358110713E+01 0.717901058E+00 0.717901058E+00
 0.412690614E+00 0.412690614E+00 0.126629831E+01 0.126629831E+01 0.462120912E+01
 0.462120912E+01
 0.471444901E+00 0.188610722E+01 0.358062025E+01 0.716881685E+00 0.716881685E+00
 0.410550445E+00 0.410550445E+00 0.126202082E+01 0.126202082E+01 0.463158805E+01
 0.463158805E+01
 0.473425762E+00 0.190369753E+01 0.358015215E+01 0.715867354E+00 0.715867354E+00
 0.408415858E+00 0.408415858E+00 0.125774504E+01 0.125774504E+01 0.464473171E+01
 0.464473171E+01
 0.475406623E+00 0.192170804E+01 0.357970283E+01 0.714857776E+00 0.714857776E+00
 0.406286000E+00 0.406286000E+00 0.125333040E+01 0.125333040E+01 0.465968640E+01
 0.465968640E+01
 0.477387484E+00 0.194013858E+01 0.357927227E+01 0.713853360E+00 0.713853360E+00
 0.404159748E+00 0.404159748E+00 0.124890083E+01 0.124890083E+01 0.467811440E+01
 0.467811440E+01
 0.479368345E+00 0.195900680E+01 0.357886045E+01 0.712853695E+00 0.712853695E+00
 0.402035289E+00 0.402035289E+00 0.124455259E+01 0.124455259E+01 0.470094749E+01
 0.470094749E+01
 0.481349206E+00 0.197831705E+01 0.357846732E+01 0.711859145E+00 0.711859145E+00
 0.399910665E+00 0.399910665E+00 0.123994000E+01 0.123994000E+01 0.472879519E+01
 0.472879519E+01
 0.483330067E+00 0.199808089E+01 0.357809281E+01 0.710869457E+00 0.710869457E+00
 0.397783479E+00 0.397783479E+00 0.123576093E+01 0.123576093E+01 0.476274209E+01
 0.476274209E+01
 0.485310928E+00 0.201831215E+01 0.357773684E+01 0.709884589E+00 0.709884589E+00
 0.395650948E+00 0.395650948E+00 0.123109246E+01 0.123109246E+01 0.480402745E+01
 0.480402745E+01
 0.487291788E+00 0.203901480E+01 0.357739933E+01 0.708904930E+00 0.708904930E+00
 0.393509473E+00 0.393509473E+00 0.122652046E+01 0.122652046E+01 0.485554559E+01
 0.485554559E+01
 0.489272649E+00 0.206020797E+01 0.357708015E+01 0.707929987E+00 0.707929987E+00
 0.391354393E+00 0.391354393E+00 0.122231798E+01 0.122231798E+01 0.491823241E+01
 0.491823241E+01
 0.491253510E+00 0.208189650E+01 0.357677918E+01 0.706959928E+00 0.706959928E+00
 0.389180868E+00 0.389180868E+00 0.121764227E+01 0.121764227E+01 0.499525094E+01
 0.499525094E+01
 0.493234371E+00 0.210409537E+01 0.357649628E+01 0.705994938E+00 0.705994938E+00
 0.386982051E+00 0.386982051E+00 0.121302800E+01 0.121302800E+01 0.508962970E+01
 0.508962970E+01
 0.495215232E+00 0.212681743E+01 0.357623128E+01 0.705034765E+00 0.705034765E+00
 0.384750606E+00 0.384750606E+00 0.120876830E+01 0.120876830E+01 0.520533235E+01
 0.520533235E+01
 0.497196093E+00 0.215007440E+01 0.357598405E+01 0.704079320E+00 0.704079320E+00
 0.382476673E+00 0.382476673E+00 0.120420054E+01 0.120420054E+01 0.534692562E+01
 0.534692562E+01
 0.499176954E+00 0.217387573E+01 0.357575438E+01 0.703128906E+00 0.703128906E+00
 0.380149381E+00 0.380149381E+00 0.119957909E+01 0.119957909E+01 0.552011587E+01
 0.552011587E+01
 0.501157815E+00 0.219824381E+01 0.357554208E+01 0.702183245E+00 0.702183245E+00
 0.377754574E+00 0.377754574E+00 0.119525555E+01 0.119525555E+01 0.573178730E+01
 0.573178730E+01
 0.503138676E+00 0.222318525E+01 0.357534696E+01 0.701242336E+00 0.701242336E+00
 0.375276384E+00 0.375276384E+00 0.119073341E+01 0.119073341E+01 0.598926622E+01
 0.598926622E+01
 0.505119537E+00 0.224871367E+01 0.357516878E+01 0.700306306E+00 0.700306306E+00
 0.372694996E+00 0.372694996E+00 0.118611025E+01 0.118611025E+01 0.630333377E+01
 0.630333377E+01
 0.507100398E+00 0.227485366E+01 0.357500732E+01 0.699375064E+00 0.699375064E+00
 0.369987309E+00 0.369987309E+00 0.118182462E+01 0.118182462E+01 0.668403147E+01
 0.668403147E+01
 0.509081259E+00 0.230161001E+01 0.357486235E+01 0.698448381E+00 0.698448381E+00
 0.367125968E+00 0.367125968E+00 0.117739439E+01 0.117739439E+01 0.714610391E+01
 0.714610391E+01
 0.511062120E+00 0.232900330E+01 0.357473361E+01 0.697526514E+00 0.697526514E+00
 0.364078215E+00 0.364078215E+00 0.117298414E+01 0.117298414E+01 0.770543271E+01
 0.770543271E+01
 0.513042981E+00 0.235705330E+01 0.357462084E+01 0.696609168E+00 0.696609168E+00
 0.360806202E+00 0.360806202E+00 0.116866330E+01 0.116866330E+01 0.838008672E+01
 0.838008672E+01
 0.515023841E+00 0.238577471E+01 0.357452379E+01 0.695696514E+00 0.695696514E+00
 0.357265802E+00 0.357265802E+00 0.116432380E+01 0.116432380E+01 0.919165495E+01
 0.919165495E+01
 0.517004702E+00 0.241518563E+01 0.357444216E+01 0.694788245E+00 0.694788245E+00
 0.353406372E+00 0.353406372E+00 0.116037665E+01 0.116037665E+01 0.101652794E+02
 0.101652794E+02
 0.518985563E+00 0.244530227E+01 0.357437566E+01 0.693884262E+00 0.693884262E+00
 0.349169782E+00 0.349169782E+00 0.115632371E+01 0.115632371E+01 0.113297785E+02
 0.113297785E+02
 0.520966424E+00 0.247615267E+01 0.357432402E+01 0.692984589E+00 0.692984589E+00
 0.344490997E+00 0.344490997E+00 0.115248711E+01 0.115248711E+01 0.127151353E+02
 0.127151353E+02
 0.522947285E+00 0.250775422E+01 0.357428692E+01 0.692088911E+00 0.692088911E+00
 0.339298430E+00 0.339298430E+00 0.114890822E+01 0.114890822E+01 0.143574284E+02
 0.143574284E+02
 0.524928146E+00 0.254012237E+01 0.357426407E+01 0.691197044E+00 0.691197044E+00
 0.333513819E+00 0.333513819E+00 0.114590645E+01 0.114590645E+01 0.162933604E+02
 0.162933604E+02
 0.526909007E+00 0.257328640E+01 0.357425513E+01 0.690308355E+00 0.690308355E+00
 0.327055776E+00 0.327055776E+00 0.114340207E+01 0.114340207E+01 0.185601860E+02
 0.185601860E+02
 0.528889868E+00 0.260726844E+01 0.357425978E+01 0.689422569E+00 0.689422569E+00
 0.319841172E+00 0.319841172E+00 0.114176281E+01 0.114176281E+01 0.211977190E+02
 0.211977190E+02
 0.530870729E+00 0.264209430E+01 0.357427770E+01 0.688538558E+00 0.688538558E+00
 0.311789802E+00 0.311789802E+00 0.114153161E+01 0.114153161E+01 0.242403203E+02
 0.242403203E+02
 0.532851590E+00 0.267779577E+01 0.357430857E+01 0.687655340E+00 0.687655340E+00
 0.302830232E+00 0.302830232E+00 0.114294071E+01 0.114294071E+01 0.277182032E+02
 0.277182032E+02
 0.534832451E+00 0.271439153E+01 0.357435201E+01 0.686771056E+00 0.686771056E+00
 0.292905901E+00 0.292905901E+00 0.114740626E+01 0.114740626E+01 0.316521727E+02
 0.316521727E+02
 0.536813312E+00 0.275191522E+01 0.357440772E+01 0.685882974E+00 0.685882974E+00
 0.281983848E+00 0.281983848E+00 0.115588558E+01 0.115588558E+01 0.360464633E+02
 0.360464633E+02
 0.538794173E+00 0.279040095E+01 0.357447531E+01 0.684987368E+00 0.684987368E+00
 0.270062998E+00 0.270062998E+00 0.117049934E+01 0.117049934E+01 0.408895453E+02
 0.408895453E+02
 0.540775034E+00 0.282987953E+01 0.357455445E+01 0.684078462E+00 0.684078462E+00
 0.257181077E+00 0.257181077E+00 0.119382049E+01 0.119382049E+01 0.461451546E+02
 0.461451546E+02
 0.542755894E+00 0.287039090E+01 0.357464478E+01 0.683148199E+00 0.683148199E+00
 0.243421886E+00 0.243421886E+00 0.123053673E+01 0.123053673E+01 0.517483086E+02
 0.517483086E+02
 0.544736755E+00 0.291197743E+01 0.357474593E+01 0.682183991E+00 0.682183991E+00
 0.228917006E+00 0.228917006E+00 0.128626843E+01 0.128626843E+01 0.576090973E+02
 0.576090973E+02
 0.546717616E+00 0.295467623E+01 0.357485754E+01 0.681168641E+00 0.681168641E+00
 0.213843785E+00 0.213843785E+00 0.137011867E+01 0.137011867E+01 0.636069674E+02
 0.636069674E+02
 0.548698477E+00 0.299854008E+01 0.357497923E+01 0.680075730E+00 0.680075730E+00
 0.198418967E+00 0.198418967E+00 0.149503788E+01 0.149503788E+01 0.695971755E+02
 0.695971755E+02
 0.550679338E+00 0.304362102E+01 0.357511063E+01 0.678868146E+00 0.678868146E+00
 0.182885832E+00 0.182885832E+00 0.167957624E+01 0.167957624E+01 0.754184363E+02
 0.754184363E+02
 0.552660199E+00 0.308997678E+01 0.357525136E+01 0.677490751E+00 0.677490751E+00
 0.167498796E+00 0.167498796E+00 0.195162426E+01 0.195162426E+01 0.808985810E+02
 0.808985810E+02
 0.554641060E+00 0.313767466E+01 0.357540105E+01 0.675864592E+00 0.675864592E+00
 0.152505818E+00 0.152505818E+00 0.234958436E+01 0.234958436E+01 0.858673165E+02
 0.858673165E+02
 0.556621921E+00 0.318678489E+01 0.357555932E+01 0.673875787E+00 0.673875787E+00
 0.138131761E+00 0.138131761E+00 0.293050464E+01 0.293050464E+01 0.901645074E+02
 0.901645074E+02
 0.558602782E+00 0.323739114E+01 0.357572577E+01 0.671361015E+00 0.671361015E+00
 0.124565069E+00 0.124565069E+00 0.377397109E+01 0.377397109E+01 0.936493996E+02
 0.936493996E+02
 0.560583643E+00 0.328959577E+01 0.357590002E+01 0.668089054E+00 0.668089054E+00
 0.111948940E+00 0.111948940E+00 0.499376648E+01 0.499376648E+01 0.962085641E+02
 0.962085641E+02
 0.562564504E+00 0.334351926E+01 0.357608168E+01 0.663734085E+00 0.663734085E+00
 0.100377877E+00 0.100377877E+00 0.674798952E+01 0.674798952E+01 0.977592850E+02
 0.977592850E+02
 0.564545365E+00 0.339929426E+01 0.357627035E+01 0.657846674E+00 0.657846674E+00
 0.898992141E-01 0.898992141E-01 0.925298805E+01 0.925298805E+01 0.982531395E+02
 0.982531395E+02
 0.566526226E+00 0.345707509E+01 0.357646564E+01 0.649818346E+00 0.649818346E+00
 0.805181892E-01 0.805181892E-01 0.127983860E+02 0.127983860E+02 0.976772870E+02
 0.976772870E+02
 0.568507087E+00 0.351707589E+01 0.357666714E+01 0.638853528E+00 0.638853528E+00
 0.722055366E-01 0.722055366E-01 0.177547360E+02 0.177547360E+02 0.960540201E+02
 0.960540201E+02
 0.570487947E+00 0.357953389E+01 0.357687446E+01 0.623960805E+00 0.623960805E+00
 0.649059048E-01 0.649059048E-01 0.245708411E+02 0.245708411E+02 0.934391815E+02
 0.934391815E+02
 0.572468808E+00 0.364477769E+01 0.357708720E+01 0.603995208E+00 0.603995208E+00
 0.585462777E-01 0.585462777E-01 0.337348287E+02 0.337348287E+02 0.899193564E+02
 0.899193564E+02
 0.574449669E+00 0.371319850E+01 0.357730492E+01 0.577792470E+00 0.577792470E+00
 0.530432716E-01 0.530432716E-01 0.456875179E+02 0.456875179E+02 0.856100666E+02
 0.856100666E+02
 0.576430530E+00 0.378531707E+01 0.357752725E+01 0.544430950E+00 0.544430950E+00
 0.483092026E-01 0.483092026E-01 0.606518701E+02 0.606518701E+02 0.806483098E+02
 0.806483098E+02
 0.578411391E+00 0.386191821E+01 0.357775375E+01 0.503624284E+00 0.503624284E+00
 0.442567668E-01 0.442567668E-01 0.784070848E+02 0.784070848E+02 0.751873704E+02
 0.751873704E+02
 0.580392252E+00 0.394397430E+01 0.357798402E+01 0.456129724E+00 0.456129724E+00
 0.408022538E-01 0.408022538E-01 0.980439051E+02 0.980439051E+02 0.693879004E+02
 0.693879004E+02
 0.582373113E+00 0.403302690E+01 0.357821762E+01 0.403974777E+00 0.403974777E+00
 0.378677048E-01 0.378677048E-01 0.117859677E+03 0.117859677E+03 0.634131416E+02
 0.634131416E+02
 0.584353974E+00 0.413143673E+01 0.357845414E+01 0.350241589E+00 0.350241589E+00
 0.353819144E-01 0.353819144E-01 0.135520666E+03 0.135520666E+03 0.574154184E+02
 0.574154184E+02
 0.586334835E+00 0.424323224E+01 0.357869316E+01 0.298405120E+00 0.298405120E+00
 0.332812633E-01 0.332812633E-01 0.148498641E+03 0.148498641E+03 0.515269726E+02
 0.515269726E+02
 0.588315696E+00 0.437595970E+01 0.357893422E+01 0.251473732E+00 0.251473732E+00
 0.315096004E-01 0.315096004E-01 0.154742717E+03 0.154742717E+03 0.458566704E+02
 0.458566704E+02
 0.590296557E+00 0.454643454E+01 0.357917685E+01 0.211356009E+00 0.211356009E+00
 0.300178601E-01 0.300178601E-01 0.153213265E+03 0.153213265E+03 0.405106762E+02
 0.405106762E+02
 0.592277418E+00 0.481582342E+01 0.357942072E+01 0.178693749E+00 0.178693749E+00
 0.287628942E-01 0.287628942E-01 0.144489443E+03 0.144489443E+03 0.355446648E+02
 0.355446648E+02
 0.594258279E+00 0.639886280E+01 0.357966544E+01 0.153135594E+00 0.153135594E+00
 0.277078947E-01 0.277078947E-01 0.128912518E+03 0.128912518E+03 0.310457479E+02
 0.310457479E+02
