      0   0.52755E-09  -0.36310E-09   0.71762E-10   0.21311E-11   0.41260E-11
     32   0.11825E-01   0.17129E-01   0.11692E-01   0.25721E-02   0.10226E-02
     64  -0.35841E-01   0.66069E-01   0.11064E-01   0.10353E-01   0.74114E-02
     97   0.25762E-01   0.50055E-01  -0.14166E-02   0.35315E-02   0.63607E-03
    129   0.22414E-01   0.55398E-01   0.21205E-02   0.14529E-02  -0.15618E-02
    161   0.11006E+00   0.11603E-01  -0.90261E-02   0.57729E-03  -0.93906E-04
    194   0.84747E-01   0.21759E-01   0.36013E-02   0.25322E-02   0.45975E-03
    226   0.14921E+00   0.62419E-01   0.52447E-02   0.72926E-02   0.26660E-02
    258   0.16264E+00  -0.45538E-01  -0.29841E-01  -0.10460E-01  -0.59695E-02
    291   0.15785E+00   0.67623E-01  -0.10496E-03  -0.69443E-02  -0.10389E-01
